ParticipantNo: Zach
Controller type: Keyboard and Mouse
Training Level:
0.03:  82.7,18.5,270
0.07:  82.7,18.5,270
0.1:  82.7,18.5,270
0.13:  82.7,18.5,270
0.17:  82.7,18.5,270
0.2:  82.7,18.5,270
0.23:  82.7,18.5,270
0.27:  82.7,18.5,270
0.3:  82.7,18.5,270
0.33:  82.7,18.5,270
0.37:  82.7,18.5,270
0.4:  82.7,18.5,270
0.43:  82.7,18.5,270
0.47:  82.7,18.5,270
0.5:  82.7,18.5,270
0.53:  82.7,18.5,269.6
0.57:  82.7,18.5,268.7
0.6:  82.7,18.5,264.7
0.63:  82.7,18.5,257.6
0.67:  82.7,18.5,248.5
0.7:  82.7,18.5,243.1
0.73:  82.7,18.5,238.5
0.77:  82.7,18.5,233
0.8:  82.7,18.5,227
0.83:  82.7,18.5,220.2
0.87:  82.7,18.5,213.3
0.9:  82.7,18.5,208.1
0.93:  82.7,18.5,203.7
0.97:  82.7,18.5,200.7
1:  82.7,18.5,198.8
1.03:  82.7,18.5,196.7
1.07:  82.7,18.5,193.2
1.1:  82.7,18.5,191.5
1.13:  82.7,18.5,189.2
1.17:  82.7,18.5,186.6
1.2:  82.7,18.5,185.2
1.23:  82.7,18.5,184.8
1.27:  82.7,18.5,184.7
1.3:  82.7,18.5,184.5
1.33:  82.7,18.5,184.4
1.37:  82.7,18.5,184.3
1.4:  82.7,18.5,184.2
1.43:  82.7,18.5,184.1
1.47:  82.7,18.5,183.8
1.5:  82.7,18.5,183.6
1.53:  82.7,18.5,183.2
1.57:  82.7,18.5,182.5
1.6:  82.7,18.5,181.6
1.63:  82.7,18.5,181.3
1.67:  82.7,18.5,181.2
1.7:  82.7,18.5,181.2
1.73:  82.7,18.5,181.2
1.77:  82.7,18.5,181.1
1.8:  82.7,18.5,181.1
1.83:  82.7,18.5,181.1
1.87:  82.7,18.5,181.1
1.9:  82.7,18.5,181.1
1.93:  82.7,18.5,181.1
1.97:  82.7,18.5,181.1
2:  82.7,18.5,181.1
2.03:  82.7,18.5,181.1
2.07:  82.7,18.5,181.1
2.1:  82.7,18.5,181.1
2.13:  82.7,18.5,181.1
2.17:  82.7,18.5,181.1
2.2:  82.7,18.5,181.1
2.23:  82.7,18.5,181.1
2.27:  82.7,18.5,181.1
2.3:  82.7,18.5,181.1
2.33:  82.7,18.5,181.1
2.37:  82.7,18.5,181.1
2.4:  82.69904,18.45001,181.1
2.43:  82.69712,18.35003,181.1
2.47:  82.69424,18.20006,181.1
2.5:  82.6904,18.00009,181.1
2.53:  82.6856,17.75014,181.1
2.57:  82.67984,17.45019,181.1
2.6:  82.67312,17.10026,181.1
2.63:  82.66544,16.70033,181.1
2.67:  82.6568,16.25041,181.1
2.7:  82.6472,15.75051,181.1
2.73:  82.6376,15.2506,181.1
2.77:  82.62801,14.75069,181.1
2.8:  82.61841,14.25078,181.1
2.83:  82.60881,13.75087,181.1
2.87:  82.59921,13.25097,181.1
2.9:  82.58961,12.75106,181.1
2.93:  82.58001,12.25115,181.1
2.97:  82.57041,11.75124,181.1
3:  82.56081,11.25133,181.1
3.03:  82.55122,10.75143,181.1
3.07:  82.54162,10.25152,181.1
3.1:  82.53202,9.75161,181.1
3.13:  82.52242,9.251701,181.1
3.17:  82.51283,8.751794,181.1
3.2:  82.50322,8.251885,181.1
3.23:  82.49362,7.751978,181.1
3.27:  82.48402,7.25207,181.1
3.3:  82.47443,6.752162,181.1
3.33:  82.46483,6.252254,181.1
3.37:  82.45523,5.752346,181.1
3.4:  82.44563,5.252438,181.1
3.43:  82.43604,4.75253,181.1
3.47:  82.42643,4.252622,181.1
3.5:  82.41683,3.752714,181.1
3.53:  82.40723,3.252806,181.1
3.57:  82.39764,2.752898,181.1
3.6:  82.38804,2.25299,181.1
3.63:  82.37844,1.753082,181.1
3.67:  82.36884,1.253174,181.1
3.7:  82.35925,0.7532657,181.1
3.73:  82.34964,0.2533578,181.1
3.77:  82.34004,-0.2465502,181.1
3.8:  82.33044,-0.7464582,181.1
3.83:  82.32085,-1.246366,181.1
3.87:  82.31125,-1.746274,181.1
3.9:  82.30165,-2.246182,181.1
3.93:  82.29205,-2.74609,181.1
3.97:  82.28246,-3.245998,181.1
4:  82.27286,-3.745906,181.1
4.03:  82.26325,-4.245814,181.1
4.07:  82.25365,-4.745722,181.1
4.1:  82.24406,-5.24563,181.1
4.13:  82.23446,-5.745538,181.1
4.17:  82.22486,-6.245446,181.1
4.2:  82.21526,-6.745354,181.1
4.23:  82.20567,-7.245262,181.1
4.27:  82.19607,-7.74517,181.1
4.3:  82.18646,-8.245078,181.1
4.33:  82.17686,-8.744987,181.1
4.37:  82.16727,-9.244894,181.1
4.4:  82.15767,-9.744802,181.1
4.43:  82.14807,-10.24471,181.1
4.47:  82.13847,-10.74462,181.1
4.5:  82.12888,-11.24453,181.1
4.53:  82.11928,-11.74443,181.1
4.57:  82.10967,-12.24434,181.1
4.6:  82.10007,-12.74425,181.1
4.63:  82.09048,-13.24416,181.1
4.67:  82.08088,-13.74407,181.1
4.7:  82.07128,-14.24397,181.1
4.73:  82.06168,-14.74388,181.1
4.77:  82.05209,-15.24379,181.1
4.8:  82.04249,-15.7437,181.1
4.83:  82.03288,-16.24361,181.1
4.87:  82.02328,-16.74352,181.1
4.9:  82.01369,-17.24342,181.1
4.93:  82.00409,-17.74333,181.1
4.97:  81.99449,-18.24324,181.1
5:  81.98489,-18.74315,181.1
5.03:  81.9753,-19.24305,181.1
5.07:  81.9657,-19.74296,181.1
5.1:  81.95609,-20.24287,181.1
5.13:  81.9465,-20.74278,181.1
5.17:  81.9369,-21.24269,181.1
5.2:  81.9273,-21.74259,181.1
5.23:  81.9177,-22.2425,181.1
5.27:  81.9081,-22.74241,181.1
5.3:  81.89851,-23.24232,181.1
5.33:  81.88891,-23.74223,181.1
5.37:  81.8793,-24.24213,181.1
5.4:  81.86971,-24.74204,181.1
5.43:  81.86011,-25.24195,181.1
5.47:  81.85051,-25.74186,181.1
5.5:  81.84091,-26.24177,181.1
5.53:  81.83131,-26.74167,181.1
5.57:  81.82172,-27.24158,181.1
5.6:  81.81212,-27.74149,181.1
5.63:  81.80251,-28.2414,181.1
5.67:  81.79292,-28.74131,181.1
5.7:  81.78332,-29.24121,181.1
5.73:  81.77372,-29.74112,181.1
5.77:  81.76412,-30.24103,181.1
5.8:  81.75452,-30.74094,181.1
5.83:  81.74493,-31.24085,181.1
5.87:  81.73533,-31.74076,181.1
5.9:  81.72572,-32.24066,181.1
5.93:  81.71613,-32.74057,181.1
5.97:  81.70653,-33.24048,181.1
6:  81.69693,-33.74039,181.1
6.03:  81.68733,-34.2403,181.1
6.07:  81.67773,-34.7402,181.1
6.1:  81.66814,-35.24011,181.1
6.13:  81.65854,-35.74002,181.1
6.17:  81.64893,-36.23993,181.1
6.2:  81.63934,-36.73983,181.1
6.23:  81.62974,-37.23974,181.1
6.27:  81.62014,-37.73965,181.1
6.3:  81.61054,-38.23956,181.1
6.33:  81.60094,-38.73947,181.1
6.37:  81.59135,-39.23938,181.1
6.4:  81.58175,-39.73928,181.1
6.43:  81.57214,-40.23919,181.1
6.47:  81.56255,-40.7391,181.1
6.5:  81.55295,-41.23901,181.1
6.53:  81.54335,-41.73891,181.1
6.57:  81.53375,-42.23882,181.1
6.6:  81.52415,-42.73873,181.1
6.63:  81.51456,-43.23864,181.1
6.67:  81.50496,-43.73854,181.1
6.7:  81.49535,-44.23845,181.1
6.73:  81.48576,-44.73836,181.1
6.77:  81.47616,-45.23827,181.1
6.8:  81.46656,-45.73818,181.1
6.83:  81.45696,-46.23809,181.1
6.87:  81.44736,-46.738,181.1
6.9:  81.43777,-47.2379,181.1
6.93:  81.42817,-47.73781,181.1
6.97:  81.41857,-48.23772,181.1
7:  81.40897,-48.73763,181.1
7.03:  81.39937,-49.23753,181.1
7.07:  81.38977,-49.73744,181.1
7.1:  81.38017,-50.23735,181.1
7.13:  81.37057,-50.73726,181.1
7.17:  81.36098,-51.23717,181.1
7.2:  81.35138,-51.73708,181.1
7.23:  81.34178,-52.23698,181.1
7.27:  81.33218,-52.73689,181.1
7.3:  81.32258,-53.2368,181.1
7.33:  81.31298,-53.73671,181.1
7.37:  81.30338,-54.23661,181.1
7.4:  81.29379,-54.73652,181.1
7.43:  81.28419,-55.23643,181.1
7.47:  81.27459,-55.73634,181.1
7.5:  81.26499,-56.23625,181.1
7.57:  81.25539,-56.73615,181.1
7.6:  81.24579,-57.23606,181.1
7.63:  81.22311,-57.73555,182.6
7.67:  81.15698,-58.23116,187.6
7.7:  81.04026,-58.71734,193.5
7.73:  80.89157,-59.19472,197.3
7.77:  80.71729,-59.66336,200.4
7.8:  80.52837,-60.1263,202.2
7.83:  80.30527,-60.57376,206.5
7.87:  80.04476,-61.00054,211.4
7.9:  79.73418,-61.39239,218.4
7.93:  79.3721,-61.7372,226.4
7.97:  78.96708,-62.03038,234.1
8:  78.52767,-62.26896,241.5
8.03:  78.06151,-62.44978,248.8
8.07:  77.57053,-62.54432,259.1
8.1:  77.07221,-62.58529,265.3
8.13:  76.57224,-62.59053,269.4
8.17:  76.07251,-62.57395,271.9
8.2:  75.57379,-62.5382,274.1
8.23:  75.07618,-62.48941,275.6
8.27:  74.57949,-62.43194,276.6
8.3:  74.08322,-62.37101,277
8.33:  73.58717,-62.30834,277.2
8.37:  73.09132,-62.24394,277.4
8.4:  72.59583,-62.17695,277.7
8.43:  72.10046,-62.10909,277.8
8.47:  71.60509,-62.04123,277.8
8.5:  71.10971,-61.97337,277.8
8.53:  70.61434,-61.90552,277.8
8.57:  70.11897,-61.83766,277.8
8.6:  69.62359,-61.7698,277.8
8.63:  69.12822,-61.70194,277.8
8.67:  68.63284,-61.63409,277.8
8.7:  68.13747,-61.56623,277.8
8.73:  67.6421,-61.49837,277.8
8.77:  67.14672,-61.43051,277.8
8.8:  66.65134,-61.36266,277.8
8.83:  66.15598,-61.2948,277.8
8.87:  65.6606,-61.22694,277.8
8.9:  65.16522,-61.15908,277.8
8.93:  64.66985,-61.09122,277.8
8.97:  64.17448,-61.02337,277.8
9:  63.6791,-60.95551,277.8
9.03:  63.18373,-60.88765,277.8
9.07:  62.68835,-60.81979,277.8
9.1:  62.19298,-60.75193,277.8
9.13:  61.69761,-60.68408,277.8
9.17:  61.20224,-60.61622,277.8
9.2:  60.70686,-60.54836,277.8
9.23:  60.21161,-60.47964,277.9
9.27:  59.71659,-60.40919,278.1
9.3:  59.22208,-60.33528,278.5
9.33:  58.72797,-60.25879,278.8
9.37:  58.23386,-60.1823,278.8
9.4:  57.73974,-60.1058,278.8
9.43:  57.24563,-60.02931,278.8
9.47:  56.75151,-59.95282,278.8
9.5:  56.25753,-59.87547,278.9
9.53:  55.76355,-59.79811,278.9
9.57:  55.26957,-59.72075,278.9
9.6:  54.77559,-59.6434,278.9
9.63:  54.28162,-59.56604,278.9
9.67:  53.78764,-59.48869,278.9
9.7:  53.29366,-59.41133,278.9
9.73:  52.79967,-59.33398,278.9
9.77:  52.30569,-59.25662,278.9
9.8:  51.81171,-59.17927,278.9
9.83:  51.31773,-59.10191,278.9
9.87:  50.82362,-59.02542,278.8
9.9:  50.32937,-58.94979,278.7
9.93:  49.835,-58.87502,278.6
9.97:  49.34049,-58.80112,278.5
10:  48.84585,-58.72808,278.4
10.03:  48.35109,-58.6559,278.3
10.07:  47.8562,-58.58458,278.2
10.1:  47.36119,-58.51413,278.1
10.13:  46.86618,-58.44368,278.1
10.17:  46.37104,-58.3741,278
10.2:  45.87579,-58.30537,277.9
10.23:  45.38029,-58.23838,277.7
10.27:  44.88435,-58.17485,277.3
10.3:  44.38818,-58.11305,277.1
10.33:  43.8918,-58.05298,276.9
10.37:  43.39511,-57.99551,276.6
10.4:  42.89833,-57.93891,276.5
10.43:  42.40126,-57.88491,276.2
10.47:  41.9039,-57.83352,275.9
10.5:  41.40638,-57.78386,275.7
10.53:  40.90876,-57.73506,275.6
10.57:  40.41098,-57.68801,275.4
10.6:  39.91312,-57.64182,275.3
10.63:  39.4151,-57.59738,275.1
10.67:  38.91692,-57.55467,274.9
10.7:  38.41868,-57.51283,274.8
10.73:  37.92036,-57.47186,274.7
10.77:  37.42204,-57.43089,274.7
10.8:  36.92372,-57.38992,274.7
10.83:  36.4254,-57.34895,274.7
10.87:  35.92709,-57.30798,274.7
10.9:  35.42876,-57.26701,274.7
10.93:  34.93045,-57.22605,274.7
10.97:  34.43213,-57.18508,274.7
11:  33.93381,-57.14411,274.7
11.03:  33.43549,-57.10314,274.7
11.07:  32.93717,-57.06217,274.7
11.1:  32.43885,-57.0212,274.7
11.13:  31.94053,-56.98023,274.7
11.17:  31.44222,-56.93926,274.7
11.2:  30.9439,-56.89829,274.7
11.23:  30.44558,-56.85732,274.7
11.27:  29.94719,-56.81723,274.6
11.3:  29.4488,-56.77713,274.6
11.33:  28.95041,-56.73703,274.6
11.37:  28.45202,-56.69693,274.6
11.4:  27.95363,-56.65683,274.6
11.43:  27.45524,-56.61673,274.6
11.47:  26.95685,-56.57663,274.6
11.5:  26.45846,-56.53653,274.6
11.53:  25.96007,-56.49643,274.6
11.57:  25.46168,-56.45633,274.6
11.6:  24.96329,-56.41623,274.6
11.63:  24.4649,-56.37613,274.6
11.67:  23.96712,-56.32908,275.4
11.7:  23.46977,-56.27768,275.9
11.73:  22.97319,-56.21935,276.7
11.77:  22.47702,-56.15755,277.1
11.8:  21.98153,-56.09055,277.7
11.83:  21.48627,-56.02183,277.9
11.87:  20.99139,-55.95052,278.2
11.9:  20.49662,-55.87834,278.3
11.93:  20.00199,-55.8053,278.4
11.97:  19.50735,-55.73225,278.4
12:  19.01284,-55.65835,278.5
12.03:  18.51834,-55.58445,278.5
12.07:  18.02383,-55.51054,278.5
12.1:  17.52932,-55.43664,278.5
12.13:  17.03481,-55.36273,278.5
12.17:  16.5403,-55.28883,278.5
12.2:  16.0479,-55.202,280
12.23:  15.56091,-55.08868,283.1
12.27:  15.08405,-54.93833,287.5
12.3:  14.61481,-54.76568,290.2
12.33:  14.1477,-54.58731,290.9
12.37:  13.68091,-54.40812,291
12.4:  13.2157,-54.22487,291.5
12.43:  12.75343,-54.03434,292.4
12.47:  12.29183,-53.84219,292.6
12.5:  11.83123,-53.64763,292.9
12.53:  11.37236,-53.44905,293.4
12.57:  10.92182,-53.23223,295.7
12.6:  10.47,-53.035,299.2
12.63:  10.02436,-52.82281,304
12.67:  9.640221,-52.50275,309.8
12.7:  9.289766,-52.14613,315.5
12.73:  8.980562,-51.7532,321.8
12.77:  8.702414,-51.33771,326.2
12.8:  8.456202,-50.90253,330.5
12.83:  8.223008,-50.46024,332.2
12.87:  7.989043,-50.01836,332.1
12.9:  7.755078,-49.57648,332.1
12.93:  7.521113,-49.13459,332.1
12.97:  7.287148,-48.69271,332.1
13:  7.053183,-48.25083,332.1
13.03:  6.819218,-47.80894,332.1
13.07:  6.585252,-47.36706,332.1
13.1:  6.351287,-46.92518,332.1
13.13:  6.117322,-46.4833,332.1
13.17:  5.887997,-46.03899,332.7
13.2:  5.668027,-45.58997,333.9
13.23:  5.454348,-45.13793,334.7
13.27:  5.243039,-44.68478,335
13.3:  5.042864,-44.2266,336.4
13.33:  4.854752,-43.76333,337.9
13.37:  4.678014,-43.29561,339.3
13.4:  4.514405,-42.82314,340.9
13.43:  4.352446,-42.35009,341.1
13.47:  4.193793,-41.87593,341.5
13.5:  4.04344,-41.39907,342.5
13.53:  3.898089,-40.92067,343.1
13.57:  3.759432,-40.44028,343.9
13.6:  3.629179,-39.95754,344.9
13.63:  3.499769,-39.47458,345
13.67:  3.371203,-38.99139,345.1
13.7:  3.24348,-38.50798,345.2
13.73:  3.115757,-38.02457,345.2
13.77:  2.988034,-37.54116,345.2
13.8:  2.864534,-37.05665,345.7
13.83:  2.746962,-36.57067,346.4
13.87:  2.640447,-36.08215,347.7
13.9:  2.548471,-35.59068,349.4
13.93:  2.473703,-35.0963,351.4
13.97:  2.416234,-34.59961,353.4
14:  2.375265,-34.1013,355.3
14.03:  2.336905,-33.60277,355.6
14.07:  2.300286,-33.10411,355.8
14.1:  2.264537,-32.60539,355.9
14.13:  2.229659,-32.10661,356
14.17:  2.19478,-31.60783,356
14.2:  2.160772,-31.10898,356.1
14.23:  2.126764,-30.61014,356.1
14.27:  2.092757,-30.1113,356.1
14.3:  2.058749,-29.61246,356.1
14.37:  2.025611,-29.11356,356.2
14.4:  2.007289,-28.61389,357.9
14.43:  2.052605,-28.11595,5.199976
14.47:  2.161677,-27.62799,12.59998
14.5:  2.340861,-27.1612,20.99998
14.53:  2.587072,-26.72602,29.49998
14.57:  2.892145,-26.32988,37.59997
14.6:  3.246315,-25.97694,45.09998
14.63:  3.640857,-25.6698,52.09998
14.67:  4.065342,-25.40558,58.09998
14.7:  4.510846,-25.17859,62.99998
14.73:  4.973781,-24.98966,67.79997
14.77:  5.449845,-24.83682,72.19997
14.8:  5.928505,-24.6923,73.19998
14.83:  6.410784,-24.56036,74.69998
14.87:  6.893063,-24.42843,74.69998
14.9:  7.375341,-24.29649,74.69998
14.93:  7.85762,-24.16455,74.69998
14.97:  8.339899,-24.03262,74.69998
15:  8.822178,-23.90068,74.69998
15.03:  9.304456,-23.76874,74.69998
15.07:  9.786735,-23.63681,74.69998
15.1:  10.26901,-23.50487,74.69998
15.13:  10.75129,-23.37293,74.69998
15.17:  11.23357,-23.241,74.69998
15.2:  11.71585,-23.10906,74.69998
15.23:  12.19813,-22.97712,74.69998
15.27:  12.68041,-22.84519,74.69998
15.3:  13.16492,-22.72169,75.69998
15.33:  13.65069,-22.60327,76.29998
15.37:  14.13846,-22.49335,77.29998
15.4:  14.62771,-22.39024,78.09998
15.43:  15.11902,-22.29741,79.29998
15.47:  15.61216,-22.21489,80.49998
15.5:  16.10559,-22.13408,80.69998
15.53:  16.59943,-22.05587,80.99998
15.57:  17.09355,-21.97937,81.19999
15.6:  17.58779,-21.90374,81.29998
15.63:  18.08243,-21.8307,81.59998
15.67:  18.57792,-21.76371,82.29998
15.7:  19.07387,-21.70017,82.69999
15.73:  19.56993,-21.63751,82.79999
15.77:  20.06609,-21.57571,82.89999
15.8:  20.56226,-21.51391,82.89999
15.83:  21.05842,-21.4521,82.89999
15.87:  21.55459,-21.3903,82.89999
15.9:  22.05086,-21.32937,82.99998
15.93:  22.54714,-21.26843,82.99998
15.97:  23.04341,-21.2075,82.99998
16:  23.53968,-21.14657,82.99998
16.03:  24.03596,-21.08563,82.99998
16.07:  24.53212,-21.02383,82.89999
16.1:  25.02818,-20.96116,82.79999
16.13:  25.52413,-20.89763,82.69999
16.17:  26.01985,-20.83237,82.49998
16.2:  26.51557,-20.76711,82.49998
16.23:  27.01118,-20.70098,82.39999
16.27:  27.50679,-20.63485,82.39999
16.3:  28.00228,-20.56785,82.29998
16.33:  28.49765,-20.5,82.19999
16.37:  28.99303,-20.43214,82.19999
16.4:  29.4884,-20.36428,82.19999
16.43:  29.98366,-20.29556,82.09999
16.47:  30.47891,-20.22684,82.09999
16.5:  30.97416,-20.15811,82.09999
16.53:  31.4693,-20.08853,81.99998
16.57:  31.96443,-20.01894,81.99998
16.6:  32.45957,-19.94935,81.99998
16.63:  32.9547,-19.87977,81.99998
16.67:  33.44984,-19.81018,81.99998
16.7:  33.94497,-19.74059,81.99998
16.73:  34.43998,-19.67014,81.89999
16.77:  34.93499,-19.59969,81.89999
16.8:  35.43,-19.52924,81.89999
16.83:  35.92502,-19.45879,81.89999
16.87:  36.42003,-19.38834,81.89999
16.9:  36.91504,-19.31789,81.89999
16.93:  37.41005,-19.24744,81.89999
16.97:  37.90506,-19.17699,81.89999
17:  38.40008,-19.10654,81.89999
17.03:  38.89509,-19.03609,81.89999
17.07:  39.3901,-18.96564,81.89999
17.1:  39.88511,-18.89519,81.89999
17.13:  40.38012,-18.82474,81.89999
17.17:  40.87514,-18.75428,81.89999
17.2:  41.37015,-18.68383,81.89999
17.23:  41.86516,-18.61338,81.89999
17.27:  42.36017,-18.54293,81.89999
17.3:  42.85518,-18.47248,81.89999
17.33:  43.3502,-18.40203,81.89999
17.37:  43.84521,-18.33158,81.89999
17.4:  44.34022,-18.26113,81.89999
17.43:  44.83523,-18.19068,81.89999
17.47:  45.33024,-18.12023,81.89999
17.5:  45.82525,-18.04978,81.89999
17.53:  46.32027,-17.97933,81.89999
17.57:  46.81528,-17.90887,81.89999
17.6:  47.31029,-17.83842,81.89999
17.63:  47.8053,-17.76797,81.89999
17.67:  48.30031,-17.69752,81.89999
17.7:  48.79533,-17.62707,81.89999
17.73:  49.29034,-17.55662,81.89999
17.77:  49.78535,-17.48617,81.89999
17.8:  50.28036,-17.41572,81.89999
17.83:  50.77537,-17.34527,81.89999
17.87:  51.27039,-17.27482,81.89999
17.9:  51.7654,-17.20437,81.89999
17.93:  52.26041,-17.13392,81.89999
17.97:  52.75542,-17.06347,81.89999
18:  53.25043,-16.99302,81.89999
18.03:  53.74545,-16.92257,81.89999
18.07:  54.24046,-16.85211,81.89999
18.1:  54.73547,-16.78166,81.89999
18.13:  55.23048,-16.71121,81.89999
18.17:  55.72549,-16.64076,81.89999
18.2:  56.2205,-16.57031,81.89999
18.23:  56.71552,-16.49986,81.89999
18.27:  57.21053,-16.42941,81.89999
18.3:  57.70541,-16.3581,81.79999
18.33:  58.2003,-16.28678,81.79999
18.37:  58.69519,-16.21547,81.79999
18.4:  59.19008,-16.14415,81.79999
18.43:  59.68484,-16.07197,81.69998
18.47:  60.17961,-15.9998,81.69998
18.5:  60.67437,-15.92762,81.69998
18.53:  61.16901,-15.85458,81.59999
18.57:  61.66338,-15.77981,81.39999
18.6:  62.15776,-15.70504,81.39999
18.63:  62.65201,-15.62941,81.29999
18.67:  63.14626,-15.55378,81.29999
18.7:  63.64037,-15.47729,81.2
18.73:  64.13448,-15.40079,81.2
18.77:  64.6286,-15.3243,81.2
18.8:  65.12271,-15.24781,81.2
18.83:  65.61683,-15.17131,81.2
18.87:  66.11094,-15.09482,81.2
18.9:  66.60492,-15.01747,81.09999
18.93:  67.09876,-14.93925,80.99999
18.97:  67.59233,-14.85931,80.79999
19:  68.08443,-14.77077,79.79999
19.03:  68.57314,-14.6651,77.79999
19.07:  69.05448,-14.5298,74.29999
19.1:  69.53187,-14.38112,72.69999
19.13:  70.00766,-14.22744,72.09999
19.17:  70.47869,-14.05971,70.39999
19.2:  70.94358,-13.87565,68.39999
19.23:  71.40246,-13.67707,66.59998
19.27:  71.85413,-13.46261,64.59999
19.3:  72.29923,-13.23483,62.89999
19.33:  72.73569,-12.9909,60.8
19.37:  73.16018,-12.72669,58.09999
19.4:  73.57025,-12.44061,55.09999
19.43:  73.9648,-12.13347,52.09999
19.47:  74.34443,-11.80808,49.39999
19.5:  74.70167,-11.45825,45.59999
19.53:  75.03946,-11.08961,42.49999
19.57:  75.35616,-10.70269,39.29999
19.6:  75.64651,-10.29563,35.49999
19.63:  75.9122,-9.872073,32.09999
19.67:  76.15231,-9.4335,28.69999
19.7:  76.36205,-8.979611,24.79999
19.73:  76.55096,-8.516676,22.19999
19.77:  76.72279,-8.047129,20.09999
19.8:  76.88475,-7.574086,18.89999
19.83:  77.04092,-7.0991,18.19999
19.87:  77.18209,-6.619442,16.39998
19.9:  77.31823,-6.138334,15.79999
19.93:  77.45773,-5.658187,16.19999
19.97:  77.59722,-5.17804,16.19999
20:  77.73672,-4.697893,16.19999
20.03:  77.87621,-4.217746,16.19999
20.07:  78.01571,-3.737599,16.19999
20.1:  78.1552,-3.257452,16.19999
20.13:  78.29469,-2.777305,16.19999
20.17:  78.43419,-2.297158,16.19999
20.23:  78.57368,-1.817011,16.19999
20.27:  78.71318,-1.336864,16.19999
20.3:  78.85268,-0.8567176,16.19999
20.33:  78.99217,-0.3765707,16.19999
20.37:  79.13167,0.1035763,16.19999
20.4:  79.27116,0.5837232,16.19999
20.43:  79.41066,1.06387,16.19999
20.47:  79.55016,1.544017,16.19999
20.5:  79.68965,2.024164,16.19999
20.53:  79.82915,2.504311,16.19999
20.57:  79.96864,2.984458,16.19999
20.6:  80.07004,3.474069,11.69999
20.63:  80.15256,3.967212,9.499985
20.67:  80.20569,4.464381,6.099985
20.7:  80.19522,4.964272,358.8
20.73:  80.1265,5.459526,352.1
20.77:  80.00723,5.945093,346.2
20.8:  79.84444,6.417852,341
20.83:  79.64989,6.878445,337.1
20.87:  79.42289,7.323948,333
20.9:  79.16611,7.752981,329.1
20.93:  78.87364,8.158513,324.2
20.97:  78.55627,8.544879,320.6
21:  78.21976,8.914695,317.7
21.03:  77.86869,9.270708,315.4
21.07:  77.51575,9.624878,315.1
21.1:  77.16282,9.979048,315.1
21.13:  76.80988,10.33322,315.1
21.17:  76.45695,10.68739,315.1
21.2:  76.10401,11.04156,315.1
21.23:  75.75108,11.39573,315.1
21.27:  75.39814,11.7499,315.1
21.3:  75.0452,12.10407,315.1
21.33:  74.69227,12.45824,315.1
21.37:  74.33933,12.81241,315.1
21.4:  73.9864,13.16658,315.1
21.43:  73.62733,13.51453,314.1
21.47:  73.25459,13.8478,311.8
21.5:  72.86768,14.16449,309.3
21.53:  72.4596,14.45342,305.3
21.57:  72.03466,14.7169,301.8
21.6:  71.59608,14.95701,298.7
21.63:  71.13931,15.16037,294
21.67:  70.67252,15.33956,291
21.7:  70.2012,15.50646,289.5
21.73:  69.72254,15.65098,286.8
21.77:  69.23935,15.77954,284.9
21.8:  68.75198,15.89117,282.9
21.83:  68.26067,15.984,280.7
21.87:  67.76642,16.05963,278.7
21.9:  67.27026,16.12143,277.1
21.93:  66.77223,16.16588,275.1
21.97:  66.27328,16.19815,273.7
22:  65.77431,16.23041,273.7
22.03:  65.275,16.25658,273
22.07:  64.77569,16.28275,273
22.1:  64.27637,16.30892,273
22.13:  63.77706,16.33508,273
22.17:  63.27774,16.36125,273
22.2:  62.77843,16.38742,273
22.23:  62.27911,16.41359,273
22.27:  61.7798,16.43975,273
22.3:  61.28048,16.46592,273
22.33:  60.78117,16.49209,273
22.37:  60.28185,16.51826,273
22.4:  59.78254,16.54443,273
22.43:  59.28322,16.57059,273
22.47:  58.78391,16.59676,273
22.5:  58.2846,16.62293,273
22.53:  57.78528,16.6491,273
22.57:  57.28596,16.67527,273
22.6:  56.78665,16.70143,273
22.63:  56.2872,16.72499,272.7
22.67:  55.78764,16.74592,272.4
22.7:  55.28775,16.7564,271.2
22.73:  54.78779,16.7625,270.7
22.77:  54.28783,16.76861,270.7
22.8:  53.78785,16.77385,270.6
22.83:  53.28785,16.77297,269.9
22.87:  52.78788,16.76774,269.4
22.9:  52.28794,16.75989,269.1
22.93:  51.78801,16.75203,269.1
22.97:  51.28807,16.74418,269.1
23:  50.78813,16.73632,269.1
23.03:  50.28819,16.72847,269.1
23.07:  49.78825,16.72062,269.1
23.1:  49.28831,16.71276,269.1
23.13:  48.78838,16.70491,269.1
23.17:  48.28844,16.69706,269.1
23.2:  47.7885,16.6892,269.1
23.23:  47.28856,16.68135,269.1
23.27:  46.78862,16.67349,269.1
23.3:  46.28868,16.66564,269.1
23.33:  45.78875,16.65779,269.1
23.37:  45.28881,16.64993,269.1
23.4:  44.78887,16.64208,269.1
23.43:  44.28893,16.63423,269.1
23.47:  43.78899,16.62637,269.1
23.5:  43.28905,16.61852,269.1
23.53:  42.78912,16.61066,269.1
23.57:  42.28918,16.60281,269.1
23.6:  41.78924,16.59496,269.1
23.63:  41.2893,16.5871,269.1
23.67:  40.78936,16.57925,269.1
23.7:  40.28942,16.5714,269.1
23.73:  39.78949,16.56354,269.1
23.77:  39.28955,16.55569,269.1
23.8:  38.78961,16.54784,269.1
23.83:  38.28967,16.53998,269.1
23.87:  37.78973,16.53213,269.1
23.9:  37.28981,16.5234,269
23.93:  36.78992,16.51293,268.8
23.97:  36.29005,16.50159,268.7
24:  35.79017,16.49024,268.7
24.03:  35.29033,16.47803,268.6
24.07:  34.7905,16.46494,268.5
24.1:  34.29069,16.45098,268.4
24.13:  33.79091,16.43614,268.3
24.17:  33.29113,16.42131,268.3
24.2:  32.79138,16.40561,268.2
24.23:  32.29165,16.38903,268.1
24.27:  31.79193,16.37245,268.1
24.3:  31.2922,16.35587,268.1
24.33:  30.79251,16.33842,268
24.37:  30.29281,16.32097,268
24.4:  29.79312,16.30352,268
24.43:  29.29342,16.28607,268
24.47:  28.79372,16.26863,268
24.5:  28.29403,16.25117,268
24.53:  27.79433,16.23372,268
24.57:  27.29464,16.21628,268
24.6:  26.79494,16.19883,268
24.63:  26.29525,16.18138,268
24.67:  25.79555,16.16393,268
24.7:  25.29586,16.14648,268
24.73:  24.79616,16.12903,268
24.77:  24.29646,16.11158,268
24.8:  23.79677,16.09413,268
24.83:  23.29707,16.07668,268
24.87:  22.79738,16.05923,268
24.9:  22.29771,16.0409,267.9
24.93:  21.79808,16.02171,267.8
24.97:  21.29852,16.00077,267.6
25:  20.79896,15.97984,267.6
25.03:  20.29951,15.95628,267.3
25.07:  19.80011,15.93186,267.2
25.1:  19.3008,15.90569,267
25.13:  18.80158,15.87778,266.8
25.17:  18.30236,15.84987,266.8
25.2:  17.80318,15.82109,266.7
25.23:  17.30401,15.7923,266.7
25.27:  16.80484,15.76352,266.7
25.3:  16.30567,15.73474,266.7
25.33:  15.8065,15.70596,266.7
25.37:  15.30733,15.67718,266.7
25.4:  14.80816,15.64839,266.7
25.43:  14.30899,15.61961,266.7
25.47:  13.80982,15.59083,266.7
25.5:  13.31055,15.56379,266.9
25.53:  12.81119,15.53849,267.1
25.57:  12.31163,15.51756,267.6
25.6:  11.81193,15.50011,268
25.63:  11.31215,15.48527,268.3
25.67:  10.81232,15.47219,268.5
25.7:  10.31242,15.46259,268.9
25.73:  9.812416,15.46171,269.9
25.77:  9.312435,15.46608,270.5
25.8:  8.812472,15.47219,270.7
25.83:  8.31251,15.47829,270.7
25.87:  7.812547,15.4844,270.7
25.9:  7.312596,15.49138,270.8
25.93:  6.812645,15.49837,270.8
25.97:  6.312694,15.50535,270.8
26:  5.812755,15.5132,270.9
26.03:  5.312831,15.52193,271
26.07:  4.812907,15.53065,271
26.13:  4.312984,15.53938,271
26.17:  3.81306,15.54811,271
26.2:  3.313136,15.55683,271
26.23:  2.813212,15.56556,271
26.27:  2.313288,15.57428,271
26.3:  1.813364,15.58301,271
26.33:  1.313365,15.58388,270.1
26.37:  0.815344,15.53944,264.9
26.4:  0.3235581,15.44918,259.6
26.43:  -0.1471772,15.28063,250.3
26.47:  -0.6043043,15.07806,246.1
26.5:  -1.018823,14.79846,236
26.53:  -1.370521,14.44306,224.7
26.57:  -1.65084,14.02903,214.1
26.6:  -1.870026,13.57963,206
26.63:  -1.977394,13.0913,192.4
26.67:  -2.068511,12.59967,190.5
26.7:  -2.14759,12.10596,189.1
26.73:  -2.224946,11.61198,188.9
26.77:  -2.29626,11.11709,188.2
26.8:  -2.347656,10.61974,185.9
26.83:  -2.381664,10.1209,183.9
26.87:  -2.41393,9.621943,183.7
26.9:  -2.446197,9.122986,183.7
26.93:  -2.477592,8.623972,183.6
26.97:  -2.508116,8.124905,183.5
27:  -2.538641,7.625837,183.5
27.03:  -2.568294,7.126717,183.4
27.07:  -2.594198,6.677463,183.3
27.1:  -2.614435,6.277975,182.9
27.13:  -2.631533,5.928393,182.8
27.17:  -2.646188,5.628751,182.8
27.2:  -2.6584,5.379049,182.8
27.23:  -2.66817,5.179288,182.8
27.27:  -2.675498,5.029467,182.8
27.3:  -2.680382,4.929586,182.8
27.33:  -2.682825,4.879646,182.8
27.37:  -2.682825,4.879646,182.8
27.4:  -2.682825,4.879646,182.8
27.43:  -2.682825,4.879646,182.8
27.47:  -2.682825,4.879646,182.8
27.5:  -2.682825,4.879646,182.8
27.53:  -2.682825,4.879646,182.8
27.57:  -2.682825,4.879646,182.8
27.6:  -2.682825,4.879646,182.8
27.63:  -2.682825,4.879646,182.8
27.67:  -2.682825,4.879646,182.8
27.7:  -2.682825,4.879646,182.8
27.73:  -2.682825,4.879646,182.8
27.77:  -2.682825,4.879646,182.8
27.8:  -2.682825,4.879646,182.8
27.83:  -2.682825,4.879646,182.8
27.87:  -2.682825,4.879646,182.8
27.9:  -2.682825,4.879646,182.8
27.93:  -2.682825,4.879646,182.8
27.97:  -2.682825,4.879646,182.8
28:  -2.682825,4.879646,182.8
28.03:  -2.682825,4.879646,182.8
28.07:  -2.682825,4.879646,182.8
28.1:  -2.682825,4.879646,182.8
28.13:  -2.682825,4.879646,183.9
28.17:  -2.682825,4.879646,185.8
28.2:  -2.682825,4.879646,186.1
28.23:  -2.682825,4.879646,186.5
28.27:  -2.682825,4.879646,189.5
28.3:  -2.682825,4.879646,192.6
28.33:  -2.682825,4.879646,195
28.37:  -2.682825,4.879646,197.5
28.4:  -2.682825,4.879646,200
28.43:  -2.682825,4.879646,202.5
28.47:  -2.682825,4.879646,205.6
28.5:  -2.682825,4.879646,208.1
28.53:  -2.682825,4.879646,209.9
28.57:  -2.682825,4.879646,212
28.6:  -2.682825,4.879646,213.6
28.63:  -2.682825,4.879646,215.5
28.67:  -2.682825,4.879646,217.7
28.7:  -2.682825,4.879646,219.5
28.73:  -2.682825,4.879646,220.5
28.77:  -2.682825,4.879646,221.3
28.8:  -2.682825,4.879646,221.6
28.83:  -2.682825,4.879646,221.5
28.87:  -2.682825,4.879646,221.1
28.9:  -2.682825,4.879646,221
28.93:  -2.682825,4.879646,220.9
28.97:  -2.682825,4.879646,220.8
29:  -2.682825,4.879646,220.8
29.03:  -2.682825,4.879646,220.8
29.07:  -2.682825,4.879646,220.8
29.1:  -2.682825,4.879646,220.8
29.13:  -2.682825,4.879646,220.6
29.17:  -2.682825,4.879646,220.4
29.2:  -2.682825,4.879646,220.3
29.23:  -2.682825,4.879646,220.3
29.27:  -2.682825,4.879646,220.3
29.3:  -2.682825,4.879646,220.3
29.33:  -2.682825,4.879646,220.3
