ParticipantNo: Zach
Controller type: Keyboard and Mouse
Training Level:
0.03:  82.7,18.5,270
0.07:  82.7,18.5,270
0.1:  82.7,18.5,270
0.13:  82.7,18.5,270
0.17:  82.7,18.5,270
0.2:  82.7,18.5,270
0.23:  82.7,18.5,270
0.27:  82.7,18.5,270
0.3:  82.7,18.5,270
0.33:  82.7,18.5,270
0.37:  82.7,18.5,270
0.4:  82.7,18.5,270
0.43:  82.7,18.5,270
0.47:  82.7,18.5,268.6
0.5:  82.7,18.5,266.7
0.53:  82.7,18.5,263.8
0.57:  82.7,18.5,261.8
0.6:  82.7,18.5,258.7
0.63:  82.7,18.5,255.7
0.67:  82.7,18.5,252.5
0.7:  82.7,18.5,247
0.73:  82.7,18.5,243
0.77:  82.7,18.5,235
0.8:  82.7,18.5,229.2
0.83:  82.7,18.5,223.4
0.87:  82.7,18.5,217.4
0.9:  82.7,18.5,212.2
0.93:  82.7,18.5,207.8
0.97:  82.7,18.5,202.3
1:  82.7,18.5,198.4
1.03:  82.7,18.5,195.9
1.07:  82.7,18.5,193.8
1.1:  82.7,18.5,192.5
1.13:  82.7,18.5,190.9
1.17:  82.7,18.5,189.1
1.2:  82.7,18.5,187.3
1.23:  82.7,18.5,186.7
1.27:  82.7,18.5,186.7
1.3:  82.7,18.5,186.7
1.33:  82.7,18.5,186.7
1.37:  82.7,18.5,186.7
1.4:  82.7,18.5,186.7
1.43:  82.7,18.5,186.7
1.47:  82.7,18.5,186.7
1.5:  82.7,18.5,186.7
1.53:  82.7,18.5,186.7
1.57:  82.7,18.5,186.7
1.6:  82.7,18.5,186.7
1.63:  82.7,18.5,186.7
1.67:  82.7,18.5,186.7
1.7:  82.7,18.5,187.6
1.73:  82.7,18.5,188.8
1.77:  82.7,18.5,189.2
1.8:  82.7,18.5,188.8
1.83:  82.7,18.5,188.3
1.87:  82.7,18.5,188.1
1.9:  82.7,18.5,188.2
1.93:  82.7,18.5,188.4
1.97:  82.7,18.5,188.9
2:  82.7,18.5,190.2
2.03:  82.7,18.5,190.8
2.07:  82.7,18.5,191
2.1:  82.7,18.5,191.1
2.13:  82.7,18.5,191.1
2.17:  82.7,18.5,190.9
2.2:  82.7,18.5,190.7
2.23:  82.7,18.5,190.1
2.27:  82.7,18.5,188.7
2.3:  82.7,18.5,187.7
2.33:  82.7,18.5,187.6
2.37:  82.7,18.5,187.6
2.4:  82.7,18.5,187.6
2.43:  82.7,18.5,187.5
2.47:  82.7,18.5,187.5
2.5:  82.7,18.5,187.5
2.53:  82.7,18.5,187.5
2.57:  82.7,18.5,187.5
2.6:  82.7,18.5,187.5
2.63:  82.7,18.5,187.5
2.67:  82.7,18.5,187.5
2.7:  82.7,18.5,187.5
2.73:  82.7,18.5,187.5
2.77:  82.7,18.5,187.5
2.8:  82.7,18.5,187.5
2.83:  82.7,18.5,187.5
2.87:  82.7,18.5,187.5
2.9:  82.7,18.5,187.5
2.93:  82.7,18.5,187.5
2.97:  82.7,18.5,187.5
3:  82.7,18.5,187.5
3.03:  82.7,18.5,187.5
3.07:  82.7,18.5,187.5
3.1:  82.7,18.5,187.5
3.13:  82.7,18.5,187.5
3.17:  82.7,18.5,187.5
3.2:  82.7,18.5,187.5
3.23:  82.7,18.5,187.5
3.27:  82.7,18.5,187.5
3.3:  82.7,18.5,187.5
3.33:  82.7,18.5,187.5
3.37:  82.69347,18.45043,187.5
3.4:  82.68042,18.35128,187.5
3.43:  82.66084,18.20257,187.5
3.47:  82.63474,18.00428,187.5
3.5:  82.6021,17.75642,187.5
3.53:  82.56294,17.45898,187.5
3.57:  82.51726,17.11198,187.5
3.6:  82.46505,16.7154,187.5
3.63:  82.40709,16.26915,187.4
3.67:  82.34356,15.7732,187.3
3.7:  82.28262,15.27693,187
3.73:  82.22429,14.78034,186.7
3.77:  82.17203,14.28308,186
3.8:  82.12497,13.7853,185.4
3.83:  82.0814,13.2872,185
3.87:  82.05523,12.78789,183
3.9:  82.04301,12.28803,181.4
3.93:  82.03341,11.78813,181.1
3.97:  82.02381,11.28822,181.1
4:  82.01421,10.78831,181.1
4.03:  82.00462,10.2884,181.1
4.07:  81.99502,9.788495,181.1
4.1:  81.98542,9.288588,181.1
4.13:  81.97582,8.78868,181.1
4.17:  81.96622,8.288772,181.1
4.2:  81.9575,7.788848,181
4.23:  81.96273,7.288875,179.4
4.27:  81.97146,6.788951,179
4.3:  81.98019,6.289027,179
4.33:  81.98891,5.789103,179
4.37:  81.99763,5.289179,179
4.4:  82.00636,4.789255,179
4.43:  82.01509,4.289331,179
4.47:  82.02382,3.789407,179
4.5:  82.03255,3.289483,179
4.53:  82.04127,2.789559,179
4.57:  82.05,2.289635,179
4.6:  82.05872,1.789711,179
4.63:  82.06745,1.289787,179
4.67:  82.07617,0.7898635,179
4.7:  82.0849,0.2899395,179
4.73:  82.09363,-0.2099845,179
4.77:  82.10236,-0.7099084,179
4.8:  82.11108,-1.209832,179
4.83:  82.1198,-1.709756,179
4.87:  82.12853,-2.20968,179
4.9:  82.13551,-2.709632,179.2
4.93:  82.14162,-3.209594,179.3
4.97:  82.14774,-3.709558,179.3
5:  82.15384,-4.20952,179.3
5.03:  82.15995,-4.709483,179.3
5.07:  82.16606,-5.209446,179.3
5.1:  82.17216,-5.709409,179.3
5.13:  82.17828,-6.209372,179.3
5.17:  82.18439,-6.709334,179.3
5.2:  82.19049,-7.209297,179.3
5.23:  82.1966,-7.70926,179.3
5.27:  82.20271,-8.209223,179.3
5.3:  82.20882,-8.709186,179.3
5.33:  82.21493,-9.209148,179.3
5.37:  82.22104,-9.709111,179.3
5.4:  82.22714,-10.20907,179.3
5.43:  82.23325,-10.70904,179.3
5.47:  82.23936,-11.209,179.3
5.5:  82.24547,-11.70896,179.3
5.53:  82.25158,-12.20893,179.3
5.57:  82.25769,-12.70889,179.3
5.6:  82.26379,-13.20885,179.3
5.63:  82.26991,-13.70881,179.3
5.67:  82.27602,-14.20878,179.3
5.7:  82.28212,-14.70874,179.3
5.73:  82.28823,-15.2087,179.3
5.77:  82.29434,-15.70867,179.3
5.8:  82.30045,-16.20863,179.3
5.83:  82.30569,-16.7086,179.4
5.87:  82.31005,-17.20858,179.5
5.9:  82.31441,-17.70856,179.5
5.93:  82.31615,-18.20856,179.8
5.97:  82.31703,-18.70856,179.9
6:  82.3179,-19.20856,179.9
6.03:  82.3179,-19.70856,180
6.07:  82.3179,-20.20856,180
6.1:  82.31703,-20.70856,180.1
6.13:  82.31615,-21.20856,180.1
6.17:  82.31441,-21.70856,180.2
6.2:  82.3118,-22.20855,180.3
6.23:  82.30917,-22.70854,180.3
6.27:  82.30656,-23.20853,180.3
6.3:  82.30394,-23.70853,180.3
6.33:  82.30132,-24.20852,180.3
6.37:  82.29871,-24.70851,180.3
6.4:  82.29609,-25.20851,180.3
6.43:  82.29347,-25.7085,180.3
6.47:  82.29086,-26.20849,180.3
6.5:  82.28823,-26.70849,180.3
6.53:  82.28561,-27.20848,180.3
6.57:  82.283,-27.70847,180.3
6.6:  82.28038,-28.20847,180.3
6.63:  82.27776,-28.70846,180.3
6.67:  82.27515,-29.20845,180.3
6.7:  82.27253,-29.70845,180.3
6.73:  82.26991,-30.20844,180.3
6.77:  82.26729,-30.70843,180.3
6.8:  82.26467,-31.20843,180.3
6.83:  82.26205,-31.70842,180.3
6.87:  82.25944,-32.20841,180.3
6.9:  82.25682,-32.7084,180.3
6.93:  82.2542,-33.2084,180.3
6.97:  82.25159,-33.70839,180.3
7:  82.24897,-34.20839,180.3
7.03:  82.24635,-34.70838,180.3
7.07:  82.24373,-35.20837,180.3
7.1:  82.24111,-35.70837,180.3
7.13:  82.23849,-36.20836,180.3
7.17:  82.23588,-36.70835,180.3
7.2:  82.23326,-37.20834,180.3
7.23:  82.23064,-37.70834,180.3
7.27:  82.22803,-38.20833,180.3
7.3:  82.2254,-38.70832,180.3
7.33:  82.22279,-39.20832,180.3
7.37:  82.22017,-39.70831,180.3
7.4:  82.21755,-40.20831,180.3
7.43:  82.21494,-40.7083,180.3
7.47:  82.21232,-41.20829,180.3
7.5:  82.2097,-41.70828,180.3
7.53:  82.20708,-42.20828,180.3
7.57:  82.20447,-42.70827,180.3
7.6:  82.20184,-43.20826,180.3
7.63:  82.19923,-43.70826,180.3
7.67:  82.19661,-44.20825,180.3
7.7:  82.19399,-44.70824,180.3
7.73:  82.19138,-45.20824,180.3
7.77:  82.18788,-45.70823,180.4
7.8:  82.18178,-46.20819,180.7
7.83:  82.1748,-46.70814,180.8
7.87:  82.16694,-47.20808,180.9
7.9:  82.15822,-47.708,181
7.93:  82.14949,-48.20792,181
7.97:  82.13989,-48.70783,181.1
8:  82.13029,-49.20774,181.1
8.03:  82.1207,-49.70765,181.1
8.07:  82.11109,-50.20756,181.1
8.1:  82.10149,-50.70746,181.1
8.13:  82.0919,-51.20737,181.1
8.17:  82.0823,-51.70728,181.1
8.2:  82.0727,-52.20719,181.1
8.23:  82.0631,-52.7071,181.1
8.27:  82.0535,-53.207,181.1
8.3:  82.04391,-53.70691,181.1
8.33:  82.03431,-54.20682,181.1
8.37:  82.02471,-54.70673,181.1
8.4:  82.01511,-55.20663,181.1
8.43:  82.00464,-55.70652,181.2
8.47:  81.99417,-56.20642,181.2
8.5:  81.98283,-56.70629,181.3
8.57:  81.96973,-57.20612,181.5
8.6:  81.95054,-57.70575,182.2
8.63:  81.91306,-58.20434,184.3
8.67:  81.85645,-58.70113,186.5
8.7:  81.7791,-59.19511,188.9
8.73:  81.67002,-59.68306,192.6
8.77:  81.54146,-60.16625,194.9
8.8:  81.39778,-60.64516,196.7
8.83:  81.22104,-61.11288,200.7
8.87:  81.01847,-61.57001,203.9
8.9:  80.78297,-62.01108,208.1
8.93:  80.50919,-62.42946,213.2
8.97:  80.18779,-62.81248,220
9:  79.83858,-63.17033,224.3
9.03:  79.46935,-63.50748,227.6
9.07:  79.07268,-63.81186,232.5
9.1:  78.64958,-64.0783,237.8
9.13:  78.20934,-64.31535,241.7
9.17:  77.7573,-64.52902,244.7
9.2:  77.29273,-64.7139,248.3
9.23:  76.82026,-64.8775,250.9
9.27:  76.34085,-65.01952,253.5
9.3:  75.85529,-65.13878,256.2
9.33:  75.36214,-65.22131,260.5
9.37:  74.86587,-65.28224,263
9.4:  74.36898,-65.33797,263.6
9.43:  73.87128,-65.38589,264.5
9.47:  73.37276,-65.42426,265.6
9.5:  72.87349,-65.45129,266.9
9.53:  72.37351,-65.45566,269.5
9.57:  71.87376,-65.43996,271.8
9.6:  71.37431,-65.4164,272.7
9.63:  70.87509,-65.38849,273.2
9.67:  70.37619,-65.35535,273.8
9.7:  69.87766,-65.31699,274.4
9.73:  69.37956,-65.27341,275
9.77:  68.88178,-65.22636,275.4
9.8:  68.38425,-65.1767,275.7
9.83:  67.88682,-65.12617,275.8
9.87:  67.38947,-65.07478,275.9
9.9:  66.89258,-65.01904,276.4
9.93:  66.39642,-64.95724,277.1
9.97:  65.90092,-64.89025,277.7
10:  65.40629,-64.81721,278.4
10.03:  64.91286,-64.7364,279.3
10.07:  64.41957,-64.65475,279.4
10.1:  63.92629,-64.57308,279.4
10.13:  63.43314,-64.49055,279.5
10.17:  62.94015,-64.40717,279.6
10.2:  62.44744,-64.32207,279.8
10.23:  61.95489,-64.23611,279.9
10.27:  61.46264,-64.14842,280.1
10.3:  60.97069,-64.05902,280.3
10.33:  60.47891,-63.96876,280.4
10.37:  59.98728,-63.87764,280.5
10.4:  59.49581,-63.78567,280.6
10.43:  59.00483,-63.69112,280.9
10.47:  58.51419,-63.59486,281.1
10.5:  58.02371,-63.49775,281.2
10.53:  57.5334,-63.39977,281.3
10.57:  57.04327,-63.30095,281.4
10.6:  56.5533,-63.20126,281.4999
10.63:  56.06334,-63.10158,281.4999
10.67:  55.57355,-63.00104,281.5999
10.7:  55.08376,-62.9005,281.5999
10.73:  54.59398,-62.79996,281.5999
10.77:  54.10419,-62.69942,281.5999
10.8:  53.61458,-62.59803,281.7
10.83:  53.12497,-62.49664,281.7
10.87:  52.63535,-62.39524,281.7
10.9:  52.14574,-62.29385,281.7
10.93:  51.65631,-62.1916,281.8
10.97:  51.16687,-62.08936,281.8
11:  50.67744,-61.98711,281.8
11.03:  50.18819,-61.88401,281.9
11.07:  49.69893,-61.7809,281.9
11.1:  49.20968,-61.6778,281.9
11.13:  48.72042,-61.5747,281.9
11.17:  48.23135,-61.47075,281.9999
11.2:  47.74228,-61.36679,281.9999
11.23:  47.2532,-61.26283,281.9999
11.27:  46.76413,-61.15888,281.9999
11.3:  46.27505,-61.05492,281.9999
11.33:  45.78598,-60.95097,281.9999
11.37:  45.29691,-60.84701,281.9999
11.4:  44.80783,-60.74306,281.9999
11.43:  44.31876,-60.6391,281.9999
11.47:  43.82968,-60.53514,281.9999
11.5:  43.34061,-60.43119,281.9999
11.53:  42.85154,-60.32724,281.9999
11.57:  42.36246,-60.22328,281.9999
11.6:  41.87303,-60.12103,281.8
11.63:  41.38221,-60.02563,280.9999
11.67:  40.89107,-59.93194,280.8
11.7:  40.39928,-59.84168,280.4
11.73:  39.90734,-59.75228,280.2999
11.77:  39.41524,-59.66373,280.2
11.8:  38.92299,-59.57605,280.0999
11.83:  38.43059,-59.48923,279.9999
11.87:  37.93803,-59.40327,279.9
11.9:  37.44548,-59.3173,279.9
11.93:  36.95277,-59.2322,279.7999
11.97:  36.46007,-59.14709,279.7999
12:  35.96722,-59.06285,279.7
12.03:  35.47422,-58.97947,279.5999
12.07:  34.98122,-58.89608,279.5999
12.1:  34.48793,-58.81442,279.3999
12.13:  33.99437,-58.73448,279.2
12.17:  33.50066,-58.6554,279.0999
12.2:  33.00655,-58.57891,278.7999
12.23:  32.51166,-58.5076,278.2
12.27:  32.01571,-58.44406,277.2999
12.3:  31.51902,-58.38659,276.5999
12.33:  31.02185,-58.33346,276.0999
12.37:  30.52468,-58.28033,276.0999
12.4:  30.02752,-58.2272,276.0999
12.43:  29.53035,-58.17407,276.0999
12.47:  29.03318,-58.12094,276.0999
12.5:  28.53601,-58.06781,276.0999
12.53:  28.03884,-58.01467,276.0999
12.57:  27.54167,-57.96154,276.0999
12.6:  27.0445,-57.90841,276.0999
12.63:  26.54733,-57.85528,276.0999
12.67:  26.05035,-57.80041,276.2999
12.7:  25.55367,-57.74294,276.5999
12.73:  25.05729,-57.68288,276.8999
12.77:  24.56123,-57.62021,277.1999
12.8:  24.06562,-57.55408,277.5999
12.83:  23.57073,-57.48277,278.2
12.87:  23.07703,-57.40369,279.0999
12.9:  22.58417,-57.31945,279.6999
12.93:  22.09177,-57.23262,279.9999
12.97:  21.59952,-57.14494,280.0999
13:  21.10758,-57.05554,280.2999
13.03:  20.61595,-56.96442,280.4999
13.07:  20.12464,-56.87159,280.6999
13.1:  19.63383,-56.77619,280.9999
13.13:  19.14369,-56.67736,281.3999
13.17:  18.65408,-56.57597,281.6999
13.2:  18.16519,-56.47116,282.0999
13.23:  17.6788,-56.35528,283.3999
13.27:  17.19722,-56.22083,285.5999
13.3:  16.71932,-56.0738,287.0999
13.33:  16.24299,-55.92179,287.6999
13.37:  15.77196,-55.75406,289.5999
13.4:  15.30393,-55.57814,290.5999
13.43:  14.8384,-55.39571,291.3999
13.47:  14.37547,-55.20679,292.1999
13.5:  13.91556,-55.01062,293.0999
13.53:  13.45772,-54.80965,293.6999
13.57:  13.00202,-54.60389,294.2999
13.6:  12.54924,-54.39179,295.0999
13.63:  12.10493,-54.16246,297.2999
13.67:  11.67367,-53.90945,300.3999
13.7:  11.25915,-53.62985,303.9999
13.73:  10.87113,-53.31452,309.0999
13.77:  10.4778,-53.05294,312.9999
13.8:  10.0576,-52.86654,316.7999
13.83:  9.689425,-52.54024,318.6999
13.87:  9.371386,-52.15443,320.4999
13.9:  9.069086,-51.75616,322.7999
13.93:  8.778733,-51.34911,324.4999
13.97:  8.502765,-50.93217,326.4999
14:  8.244497,-50.50403,328.8999
14.03:  8.002855,-50.0663,331.0999
14.07:  7.778975,-49.61922,333.3999
14.1:  7.560573,-49.16945,334.0999
14.13:  7.342172,-48.71967,334.0999
14.17:  7.12377,-48.26989,334.0999
14.2:  6.905369,-47.82011,334.0999
14.23:  6.686967,-47.37033,334.0999
14.27:  6.468565,-46.92055,334.0999
14.3:  6.250164,-46.47078,334.0999
14.33:  6.031762,-46.021,334.0999
14.37:  5.813361,-45.57122,334.0999
14.4:  5.594959,-45.12144,334.0999
14.43:  5.396384,-44.66256,336.5999
14.47:  5.220463,-44.19453,339.3999
14.5:  5.052736,-43.7235,340.3999
14.53:  4.902383,-43.24664,342.4999
14.57:  4.781421,-42.7615,345.9999
14.6:  4.678318,-42.27224,348.0999
14.63:  4.580344,-41.78194,348.6999
14.67:  4.486653,-41.29079,349.1999
14.7:  4.394677,-40.79932,349.3999
14.73:  4.306133,-40.30723,349.7999
14.77:  4.218449,-39.81498,349.8999
14.8:  4.130765,-39.32272,349.8999
14.83:  4.043941,-38.83032,349.9999
14.87:  3.957116,-38.33792,349.9999
14.9:  3.870291,-37.84551,349.9999
14.93:  3.783466,-37.35311,349.9999
14.97:  3.696641,-36.86071,349.9999
15:  3.609816,-36.3683,349.9999
15.03:  3.522991,-35.8759,349.9999
15.07:  3.436167,-35.3835,349.9999
15.1:  3.349342,-34.89109,349.9999
15.13:  3.262517,-34.39869,349.9999
15.17:  3.175692,-33.90628,349.9999
15.2:  3.088867,-33.41388,349.9999
15.23:  3.002042,-32.92147,349.9999
15.27:  2.915218,-32.42907,349.9999
15.3:  2.828393,-31.93667,349.9999
15.33:  2.741568,-31.44426,349.9999
15.37:  2.654743,-30.95186,349.9999
15.4:  2.569638,-30.45916,350.1999
15.43:  2.487974,-29.96587,350.5999
15.5:  2.410618,-29.47189,351.0999
15.53:  2.338439,-28.97713,351.6999
15.57:  2.273175,-28.48141,352.4999
15.6:  2.221778,-27.98405,354.0999
15.63:  2.189511,-27.4851,356.2999
15.67:  2.233088,-26.987,4.999916
15.7:  2.308718,-26.49275,8.699914
15.73:  2.448213,-26.0126,16.19991
15.77:  2.661891,-25.56056,25.29992
15.8:  2.920904,-25.13288,31.19992
15.83:  3.232843,-24.74212,38.59992
15.87:  3.607321,-24.41081,48.49992
15.9:  4.021839,-24.13121,55.99992
15.93:  4.462078,-23.89417,61.69992
15.97:  4.918138,-23.68921,65.79993
16:  5.381402,-23.50109,67.89993
16.03:  5.844666,-23.31298,67.89993
16.07:  6.306271,-23.12083,67.39993
16.1:  6.767876,-22.92868,67.39993
16.13:  7.22948,-22.73653,67.39993
16.17:  7.691085,-22.54439,67.39993
16.2:  8.15269,-22.35224,67.39993
16.23:  8.614295,-22.16009,67.39993
16.27:  9.0759,-21.96794,67.39993
16.3:  9.537505,-21.77579,67.39993
16.33:  9.99911,-21.58364,67.39993
16.37:  10.46071,-21.3915,67.39993
16.4:  10.92198,-21.19854,67.29993
16.43:  11.37982,-20.99757,66.29993
16.47:  11.838,-20.79739,66.39993
16.5:  12.29756,-20.60042,66.79993
16.53:  12.76017,-20.41069,67.69993
16.57:  13.2312,-20.24297,70.39993
16.6:  13.70858,-20.09428,72.69994
16.63:  14.19016,-19.95982,74.39993
16.67:  14.67572,-19.84055,76.19993
16.7:  15.16637,-19.74429,78.89993
16.73:  15.66175,-19.67643,82.19993
16.77:  16.16034,-19.63894,85.69993
16.8:  16.6597,-19.61364,87.09992
16.83:  17.15918,-19.59096,87.39993
16.87:  17.65878,-19.5709,87.69993
16.9:  18.15867,-19.56042,88.79993
16.93:  18.65866,-19.55693,89.59992
16.97:  19.15865,-19.55955,90.29993
17:  19.65862,-19.56566,90.69994
17.03:  20.15857,-19.57264,90.79993
17.07:  20.6585,-19.58049,90.89993
17.1:  21.15837,-19.59184,91.29993
17.13:  21.65818,-19.60579,91.59993
17.17:  22.15793,-19.6215,91.79993
17.2:  22.65766,-19.63808,91.89993
17.23:  23.15738,-19.65465,91.89993
17.27:  23.65711,-19.67123,91.89993
17.3:  24.15684,-19.68781,91.89993
17.33:  24.65656,-19.70439,91.89993
17.37:  25.15631,-19.72009,91.79993
17.4:  25.65609,-19.73492,91.69993
17.43:  26.1559,-19.74888,91.59993
17.47:  26.65575,-19.7611,91.39993
17.5:  27.15566,-19.7707,91.09993
17.53:  27.6556,-19.77855,90.89993
17.57:  28.15558,-19.78291,90.49993
17.6:  28.65558,-19.78378,90.09993
17.63:  29.15556,-19.78029,89.59993
17.67:  29.65553,-19.77418,89.29993
17.7:  30.15545,-19.76546,88.99993
17.73:  30.6553,-19.75324,88.59994
17.77:  31.15503,-19.73666,88.09994
17.8:  31.65462,-19.7166,87.69994
17.83:  32.15407,-19.69304,87.29994
17.87:  32.65343,-19.66775,87.09994
17.9:  33.15265,-19.63983,86.79993
17.93:  33.65171,-19.60931,86.49994
17.97:  34.15062,-19.57617,86.19994
18:  34.64934,-19.54042,85.89994
18.03:  35.1478,-19.50119,85.49994
18.07:  35.64611,-19.46022,85.29994
18.1:  36.14413,-19.41578,84.89994
18.13:  36.64191,-19.36872,84.59994
18.17:  37.13935,-19.31819,84.19994
18.2:  37.63662,-19.26593,83.99994
18.23:  38.1336,-19.21106,83.69994
18.27:  38.63038,-19.15446,83.49994
18.3:  39.12707,-19.09699,83.39994
18.33:  39.62376,-19.03952,83.39994
18.37:  40.12024,-18.98032,83.19994
18.4:  40.61651,-18.91938,82.99994
18.43:  41.11268,-18.85758,82.89994
18.47:  41.60884,-18.79578,82.89994
18.5:  42.10501,-18.73398,82.89994
18.53:  42.60118,-18.67218,82.89994
18.57:  43.09734,-18.61038,82.89994
18.6:  43.59351,-18.54857,82.89994
18.63:  44.08968,-18.48677,82.89994
18.67:  44.58584,-18.42497,82.89994
18.7:  45.082,-18.36317,82.89994
18.73:  45.57817,-18.30137,82.89994
18.77:  46.07434,-18.23957,82.89994
18.8:  46.5705,-18.17777,82.89994
18.83:  47.06667,-18.11596,82.89994
18.87:  47.56284,-18.05416,82.89994
18.9:  48.059,-17.99236,82.89994
18.93:  48.55517,-17.93056,82.89994
18.97:  49.05133,-17.86876,82.89994
19:  49.5475,-17.80696,82.89994
19.03:  50.04367,-17.74516,82.89994
19.07:  50.53983,-17.68336,82.89994
19.1:  51.036,-17.62156,82.89994
19.13:  51.53217,-17.55976,82.89994
19.17:  52.02833,-17.49795,82.89994
19.2:  52.5245,-17.43615,82.89994
19.23:  53.02066,-17.37435,82.89994
19.27:  53.51683,-17.31255,82.89994
19.3:  54.01299,-17.25075,82.89994
19.33:  54.50916,-17.18895,82.89994
19.37:  55.00533,-17.12715,82.89994
19.4:  55.50149,-17.06535,82.89994
19.43:  55.99766,-17.00354,82.89994
19.47:  56.49382,-16.94174,82.89994
19.5:  56.98999,-16.87994,82.89994
19.53:  57.48616,-16.81814,82.89994
19.57:  57.98232,-16.75634,82.89994
19.6:  58.47849,-16.69454,82.89994
19.63:  58.97466,-16.63274,82.89994
19.67:  59.47082,-16.57093,82.89994
19.7:  59.96699,-16.50913,82.89994
19.73:  60.46315,-16.44733,82.89994
19.77:  60.95932,-16.38553,82.89994
19.8:  61.45548,-16.32373,82.89994
19.83:  61.95165,-16.26193,82.89994
19.87:  62.44781,-16.20013,82.89994
19.9:  62.94398,-16.13833,82.89994
19.93:  63.44004,-16.07566,82.79994
19.97:  63.93576,-16.0104,82.49995
20:  64.43114,-15.94254,82.19994
20.03:  64.92603,-15.87122,81.79994
20.07:  65.42014,-15.79473,81.19994
20.1:  65.91254,-15.7079,79.99995
20.13:  66.40352,-15.61336,79.09995
20.17:  66.89071,-15.50088,76.99995
20.2:  67.37299,-15.36894,74.69996
20.23:  67.85165,-15.22443,73.19996
20.27:  68.32797,-15.07241,72.29996
20.3:  68.80074,-14.90963,70.99996
20.33:  69.27177,-14.7419,70.39996
20.37:  69.73633,-14.55703,68.29996
20.4:  70.18762,-14.34177,64.49995
20.43:  70.63233,-14.11322,62.79996
20.47:  71.06964,-13.87082,60.99995
20.5:  71.49822,-13.6133,58.99995
20.53:  71.91898,-13.34318,57.29995
20.57:  72.33104,-13.05997,55.49995
20.6:  72.77283,-12.85916,52.49995
20.63:  73.16251,-12.54586,51.19995
20.67:  73.54327,-12.2218,49.59995
20.7:  73.91132,-11.88336,47.39996
20.73:  74.27341,-11.53855,46.39995
20.77:  74.6282,-11.18623,45.19995
20.8:  74.97615,-10.82717,44.09995
20.83:  75.31842,-10.46269,43.19995
20.87:  75.6575,-10.09523,42.69995
20.9:  75.98487,-9.717301,40.89996
20.93:  76.30492,-9.333158,39.79996
20.97:  76.61891,-8.944037,38.89996
21:  76.92329,-8.54736,37.49996
21.03:  77.2221,-8.146472,36.69996
21.07:  77.51174,-7.738908,35.39996
21.1:  77.78844,-7.322447,33.59996
21.13:  78.04968,-6.896127,31.49996
21.17:  78.29968,-6.463114,29.99996
21.2:  78.54133,-6.025382,28.89996
21.23:  78.7691,-5.580275,27.09996
21.27:  78.98593,-5.129736,25.69996
21.3:  79.1877,-4.672256,23.79996
21.33:  79.37904,-4.210317,22.49996
21.37:  79.55985,-3.744154,21.19996
21.4:  79.73087,-3.274308,19.99996
21.43:  79.88703,-2.799322,18.19996
21.47:  80.0282,-2.319665,16.39996
21.53:  80.15508,-1.836031,14.69996
21.57:  80.2701,-1.349441,13.29996
21.6:  80.36294,-0.8581347,10.69996
21.63:  80.4446,-0.3648485,9.399961
21.67:  80.50467,0.1315302,6.899961
21.7:  80.54564,0.629849,4.699962
21.73:  80.5596,1.129654,1.599962
21.77:  80.53953,1.629251,357.7
21.8:  80.48119,2.125837,353.3
21.83:  80.35178,2.608799,345
21.87:  80.2056,3.086952,343
21.9:  80.05026,3.56221,341.9
21.93:  79.89492,4.037467,341.9
21.97:  79.73959,4.512725,341.9
22:  79.58424,4.987983,341.9
22.03:  79.42891,5.463241,341.9
22.07:  79.27357,5.938498,341.9
22.1:  79.11823,6.413756,341.9
22.13:  78.96289,6.889014,341.9
22.17:  78.80756,7.364272,341.9
22.2:  78.65221,7.83953,341.9
22.23:  78.49687,8.314787,341.9
22.27:  78.33905,8.789226,341.6
22.3:  78.15499,9.254113,338.4
22.33:  77.95641,9.712991,336.6
22.37:  77.73175,10.15968,333.3
22.4:  77.47723,10.59005,329.4
22.43:  77.17702,10.98989,323.1
22.47:  76.83285,11.35258,316.5
22.5:  76.45264,11.6773,310.5
22.53:  76.04865,11.9719,306.1
22.57:  75.63074,12.24641,303.3
22.6:  75.20261,12.50468,301.1
22.63:  74.75632,12.73011,296.8
22.67:  74.30428,12.94379,295.3
22.7:  73.83907,13.12704,291.5
22.73:  73.36327,13.28072,287.9
22.77:  72.88053,13.41097,285.1
22.8:  72.39497,13.53024,283.8
22.83:  71.90589,13.6342,282
22.87:  71.41458,13.72703,280.7
22.9:  70.92101,13.80697,279.2
22.93:  70.42443,13.8653,276.7
22.97:  69.92754,13.92104,276.4
23:  69.43066,13.97677,276.4
23.03:  68.93378,14.03251,276.4
23.07:  68.4369,14.08824,276.4
23.1:  67.94001,14.14397,276.4
23.13:  67.44312,14.19971,276.4
23.17:  66.94624,14.25544,276.4
23.2:  66.44936,14.31118,276.4
23.23:  65.95248,14.36691,276.4
23.27:  65.45559,14.42264,276.4
23.3:  64.9587,14.47838,276.4
23.33:  64.46182,14.53411,276.4
23.37:  63.96494,14.58985,276.4
23.4:  63.46805,14.64558,276.4
23.43:  62.97117,14.70131,276.4
23.47:  62.47429,14.75705,276.4
23.5:  61.9774,14.81278,276.4
23.53:  61.48052,14.86852,276.4
23.57:  60.98354,14.92338,276.3
23.6:  60.48646,14.97738,276.2
23.63:  59.98977,15.03485,276.6
23.67:  59.4927,15.08885,276.2
23.7:  58.995,15.13677,275.5
23.73:  58.49698,15.18122,275.1
23.77:  57.99839,15.21871,274.3
23.8:  57.49937,15.2501,273.6
23.83:  57.00015,15.27802,273.2
23.87:  56.50075,15.30244,272.8
23.9:  56.00112,15.32163,272.2
23.93:  55.50123,15.3321,271.2
23.97:  55.00128,15.33908,270.8
24:  54.5013,15.34432,270.6
24.03:  54.00132,15.34868,270.5
24.07:  53.50134,15.35305,270.5
24.1:  53.00136,15.35741,270.5
24.13:  52.50138,15.36177,270.5
24.17:  52.0014,15.36613,270.5
24.2:  51.50143,15.37137,270.6
24.23:  51.00148,15.37835,270.8
24.27:  50.50154,15.3862,270.9
24.3:  50.00161,15.39493,271
24.33:  49.50169,15.40366,271
24.37:  49.00178,15.41325,271.1
24.4:  48.50189,15.42372,271.2
24.43:  48.00202,15.43507,271.3
24.47:  47.50217,15.44728,271.4
24.5:  47.00234,15.46037,271.5
24.53:  46.50251,15.47346,271.5
24.57:  46.0027,15.48742,271.6
24.6:  45.5029,15.50138,271.6
24.63:  45.00312,15.51621,271.7
24.67:  44.50334,15.53105,271.7
24.7:  44.00356,15.54588,271.7
24.73:  43.50378,15.56071,271.7
24.77:  43.004,15.57555,271.7
24.8:  42.50422,15.59038,271.7
24.83:  42.00444,15.60521,271.7
24.87:  41.50466,15.62004,271.7
24.9:  41.00488,15.63488,271.7
24.93:  40.5051,15.64971,271.7
24.97:  40.00532,15.66454,271.7
25:  39.50554,15.67937,271.7
25.03:  39.00576,15.69421,271.7
25.07:  38.50598,15.70904,271.7
25.1:  38.0062,15.72387,271.7
25.13:  37.50642,15.73871,271.7
25.17:  37.00664,15.75354,271.7
25.2:  36.50684,15.7675,271.6
25.23:  36.00703,15.78146,271.6
25.27:  35.50723,15.79542,271.6
25.3:  35.00742,15.80938,271.6
25.33:  34.50761,15.82334,271.6
25.37:  34.00781,15.8373,271.6
25.4:  33.508,15.85126,271.6
25.43:  33.0082,15.86522,271.6
25.47:  32.5084,15.87918,271.6
25.5:  32.00859,15.89314,271.6
25.53:  31.50879,15.9071,271.6
25.57:  31.00898,15.92106,271.6
25.6:  30.50917,15.93503,271.6
25.63:  30.00937,15.94899,271.6
25.67:  29.50956,15.96295,271.6
25.7:  29.00976,15.97691,271.6
25.73:  28.50995,15.99087,271.6
25.77:  28.01015,16.00483,271.6
25.8:  27.51034,16.01879,271.6
25.83:  27.01054,16.03275,271.6
25.87:  26.51073,16.04671,271.6
25.9:  26.01093,16.06067,271.6
25.93:  25.51112,16.07463,271.6
25.97:  25.01132,16.08859,271.6
26:  24.51151,16.10255,271.6
26.03:  24.01171,16.11651,271.6
26.07:  23.5119,16.13047,271.6
26.1:  23.0121,16.14443,271.6
26.13:  22.51229,16.15839,271.6
26.17:  22.01249,16.17235,271.6
26.2:  21.51268,16.18632,271.6
26.23:  21.01288,16.20028,271.6
26.27:  20.51307,16.21424,271.6
26.3:  20.01327,16.2282,271.6
26.33:  19.51346,16.24216,271.6
26.37:  19.01366,16.25612,271.6
26.4:  18.51385,16.27008,271.6
26.43:  18.01405,16.28404,271.6
26.47:  17.51424,16.298,271.6
26.5:  17.01444,16.31196,271.6
26.53:  16.51463,16.32592,271.6
26.57:  16.01483,16.33988,271.6
26.6:  15.51502,16.35384,271.6
26.63:  15.01522,16.3678,271.6
26.67:  14.51541,16.38176,271.6
26.7:  14.01561,16.39572,271.6
26.73:  13.5158,16.40968,271.6
26.77:  13.016,16.42364,271.6
26.8:  12.51619,16.4376,271.6
26.83:  12.01639,16.45156,271.6
26.87:  11.51658,16.46553,271.6
26.9:  11.01678,16.47949,271.6
26.93:  10.51697,16.49345,271.6
26.97:  10.01717,16.50741,271.6
27:  9.517361,16.52137,271.6
27.03:  9.017555,16.53533,271.6
27.07:  8.51775,16.54929,271.6
27.1:  8.017945,16.56325,271.6
27.13:  7.51814,16.57721,271.6
27.17:  7.018335,16.59117,271.6
27.2:  6.51853,16.60513,271.6
27.23:  6.018725,16.61909,271.6
27.27:  5.518919,16.63305,271.6
27.3:  5.019091,16.64614,271.5
27.37:  4.519219,16.65748,271.3
27.4:  4.019311,16.66708,271.1
27.43:  3.519373,16.67494,270.9
27.47:  3.019411,16.66883,269.3
27.5:  2.520291,16.63917,266.6
27.53:  2.023215,16.58517,263.8
27.57:  1.527607,16.51904,262.4
27.6:  1.043753,16.39301,255.4
27.63:  0.5707102,16.23105,251.1
27.67:  0.1494841,15.96167,237.4
27.7:  -0.2445211,15.65383,232
27.73:  -0.5986909,15.3009,225.1
27.77:  -0.9085802,14.90851,218.3
27.8:  -1.166099,14.47993,211
27.83:  -1.392316,14.03403,206.9
27.87:  -1.570685,13.56693,200.9
27.9:  -1.711856,13.08727,196.4
27.93:  -1.819223,12.59893,192.4
27.97:  -1.830566,12.09906,181.3
28:  -1.799171,11.60005,176.4
28.03:  -1.759071,11.10166,175.4
28.07:  -1.718971,10.60327,175.4
28.1:  -1.678872,10.10488,175.4
28.13:  -1.638772,9.606488,175.4
28.17:  -1.598672,9.108099,175.4
28.2:  -1.558573,8.609709,175.4
28.23:  -1.518473,8.11132,175.4
28.27:  -1.482383,7.662769,175.4
28.3:  -1.450303,7.264058,175.4
28.33:  -1.422233,6.915184,175.4
28.37:  -1.398174,6.616151,175.4
28.4:  -1.378124,6.366956,175.4
28.43:  -1.362084,6.167601,175.4
28.47:  -1.350054,6.018084,175.4
28.5:  -1.348483,5.918096,179.1
28.53:  -1.34796,5.868099,179.4
28.57:  -1.34796,5.868099,178.4
28.6:  -1.34796,5.868099,177.8
28.63:  -1.34796,5.868099,175.2
28.67:  -1.34796,5.868099,172.1
28.7:  -1.34796,5.868099,169.5
28.73:  -1.34796,5.868099,167
28.77:  -1.34796,5.868099,165.2
28.8:  -1.34796,5.868099,162.3
28.83:  -1.34796,5.868099,159.1
28.87:  -1.34796,5.868099,155.5
28.9:  -1.34796,5.868099,154.8
28.93:  -1.34796,5.868099,154.4
28.97:  -1.34796,5.868099,154.4
29:  -1.34796,5.868099,154.4
29.03:  -1.34796,5.868099,154.4
29.07:  -1.34796,5.868099,154.2
29.1:  -1.34796,5.868099,154.2
29.13:  -1.34796,5.868099,153.5
29.17:  -1.34796,5.868099,152.6
29.2:  -1.34796,5.868099,152.6
29.23:  -1.34796,5.868099,152.5
29.27:  -1.34796,5.868099,152.5
29.3:  -1.34796,5.868099,152.5
29.33:  -1.34796,5.868099,152.5
29.37:  -1.34796,5.868099,152.5
29.4:  -1.34796,5.868099,152.5
29.43:  -1.34796,5.868099,152.5
29.47:  -1.34796,5.868099,152.5
29.5:  -1.34796,5.868099,152.5
29.53:  -1.34796,5.868099,152.5
29.57:  -1.34796,5.868099,152.5
29.6:  -1.34796,5.868099,152.5
29.63:  -1.34796,5.868099,152.5
29.67:  -1.34796,5.868099,152.5
29.7:  -1.34796,5.868099,152.5
29.73:  -1.34796,5.868099,152.5
29.77:  -1.34796,5.868099,151.9
29.8:  -1.34796,5.868099,151.7
29.83:  -1.34796,5.868099,151.6
29.87:  -1.34796,5.868099,151.6
29.9:  -1.34796,5.868099,152.3
29.93:  -1.34796,5.868099,153.9
29.97:  -1.34796,5.868099,155.4
30:  -1.34796,5.868099,156.7
30.03:  -1.34796,5.868099,158.2
30.07:  -1.34796,5.868099,159.4
30.1:  -1.34796,5.868099,159.8
30.13:  -1.34796,5.868099,160.7
30.17:  -1.34796,5.868099,163.5
30.2:  -1.34796,5.868099,166.4
30.23:  -1.34796,5.868099,168.3
30.27:  -1.34796,5.868099,169.5
30.3:  -1.34796,5.868099,170.4
30.33:  -1.34796,5.868099,172.3
30.37:  -1.34796,5.868099,175.4
30.4:  -1.34796,5.868099,177.9
30.43:  -1.34796,5.868099,179
30.47:  -1.34796,5.868099,180.5
30.5:  -1.34796,5.868099,182.3
30.53:  -1.34796,5.868099,183.7
30.57:  -1.34796,5.868099,185.6
30.6:  -1.34796,5.868099,186.3
30.63:  -1.34796,5.868099,187.2
30.67:  -1.34796,5.868099,188.1
30.7:  -1.34796,5.868099,190.2
30.73:  -1.34796,5.868099,191.9
30.77:  -1.34796,5.868099,193
30.8:  -1.34796,5.868099,193.9
30.83:  -1.34796,5.868099,194.9
30.87:  -1.34796,5.868099,195.6
30.9:  -1.34796,5.868099,196.1
30.93:  -1.34796,5.868099,196.4
30.97:  -1.34796,5.868099,196.4
31:  -1.34796,5.868099,196.4
31.03:  -1.34796,5.868099,196.3
31.07:  -1.34796,5.868099,196
31.1:  -1.34796,5.868099,195.8
31.13:  -1.34796,5.868099,195.7
31.17:  -1.34796,5.868099,195.6
31.2:  -1.34796,5.868099,195.4
31.23:  -1.34796,5.868099,195.3
31.27:  -1.34796,5.868099,195.3
31.3:  -1.34796,5.868099,195.3
31.33:  -1.34796,5.868099,195.3
31.37:  -1.34796,5.868099,195.3
