0.01:  216.3,203.1,178,
ParticipantNo: 2
Repetition?: Full
DSPType: 1
Encoding Tours: 2
!!1_dsp1_17
0.01:  50.9,191.8,180,box 1,8
0.01:  50.9,191.8,180,box 1,8
0.01:  50.9,191.8,180,box 1,8
0.02:  50.9,191.8,180,box 1,8
0.02:  50.9,191.8,180,box 1,8
0.02:  50.9,191.8,180,box 1,8
0.03:  50.9,191.8,180,box 1,8
0.03:  50.9,191.8,180,box 1,8
0.03:  50.9,191.8,180,box 1,8
0.04:  50.9,191.8,180,box 1,8
0.04:  50.9,191.8,180,box 1,8
0.05:  50.9,191.8,180,box 1,8
0.05:  50.9,191.8,180,box 1,8
0.05:  50.9,191.8,180,box 1,8
0.06:  50.9,191.8,180,box 1,8
0.06:  50.9,191.8,180,box 1,8
0.07:  50.9,191.8,180,box 1,8
0.07:  50.9,191.8,180,box 1,8
0.08:  50.9,191.8,180,box 1,8
0.08:  50.9,191.8,180,box 1,8
0.08:  50.9,191.8,180,box 1,8
0.09:  50.9,191.8,180,box 1,8
0.09:  50.9,191.8,180,box 1,8
0.09:  50.9,191.8,180,box 1,8
0.1:  50.9,191.8,180,box 1,8
0.1:  50.9,191.8,180,box 1,8
0.1:  50.9,191.8,180,box 1,8
0.11:  50.9,191.8,180,box 1,8
0.11:  50.9,191.8,180,box 1,8
0.11:  50.9,191.8,180,box 1,8
0.12:  50.9,191.8,180,box 1,8
0.12:  50.9,191.8,180,box 1,8
0.13:  50.9,191.8,180,box 1,8
0.13:  50.9,191.8,180,box 1,8
0.13:  50.9,191.8,180,box 1,8
0.14:  50.9,191.8,180,box 1,8
0.14:  50.9,191.8,180,box 1,8
0.14:  50.9,191.8,180,box 1,8
0.15:  50.9,191.8,180,box 1,8
0.15:  50.9,191.8,180,box 1,8
0.15:  50.9,191.8,180,box 1,8
0.16:  50.9,191.8,180,box 1,8
0.16:  50.9,191.8,180,box 1,8
0.16:  50.9,191.8,180,box 1,8
0.17:  50.9,191.8,180,box 1,8
0.17:  50.9,191.8,180,box 1,8
0.17:  50.9,191.8,180,box 1,8
0.18:  50.9,191.8,180,box 1,8
0.18:  50.9,191.8,180,box 1,8
0.18:  50.9,191.8,180,box 1,8
0.19:  50.9,191.8,180,box 1,8
0.19:  50.9,191.8,180,box 1,8
0.2:  50.9,191.8,180,box 1,8
0.2:  50.9,191.8,180,box 1,8
0.2:  50.9,191.8,180,box 1,8
0.21:  50.9,191.8,180,box 1,8
0.21:  50.9,191.8,180,box 1,8
0.21:  50.9,191.8,180,box 1,8
0.22:  50.9,191.8,180,box 1,8
0.22:  50.9,191.8,180,box 1,8
0.22:  50.9,191.8,180,box 1,8
0.23:  50.9,191.8,180,box 1,8
0.23:  50.9,191.8,180,box 1,8
0.24:  50.9,191.8,180,box 1,8
0.24:  50.9,191.8,180,box 1,8
0.24:  50.9,191.8,180,box 1,8
0.25:  50.9,191.8,180,box 1,8
0.25:  50.9,191.8,180,box 1,8
0.25:  50.9,191.8,180,box 1,8
0.26:  50.9,191.8,180,box 1,8
0.26:  50.9,191.8,180,box 1,8
0.26:  50.9,191.8,180,box 1,8
0.27:  50.9,191.8,180,box 1,8
0.27:  50.9,191.8,180,box 1,8
0.27:  50.9,191.8,180,box 1,8
0.28:  50.9,191.8,180,box 1,8
0.28:  50.9,191.8,180,box 1,8
0.28:  50.9,191.8,180,box 1,8
0.29:  50.9,191.8,180,box 1,8
0.29:  50.9,191.8,180,box 1,8
0.29:  50.9,191.8,180,box 1,8
0.3:  50.9,191.8,180,box 1,8
0.3:  50.9,191.8,180,box 1,8
0.3:  50.9,191.8,180,box 1,8
0.31:  50.9,191.8,180,box 1,8
0.31:  50.9,191.8,180,box 1,8
0.31:  50.9,191.8,180,box 1,8
0.32:  50.9,191.8,180,box 1,8
0.32:  50.9,191.8,180,box 1,8
0.32:  50.9,191.8,180,box 1,8
0.33:  50.9,191.8,180,box 1,8
0.33:  50.9,191.8,180,box 1,8
0.33:  50.9,191.8,180,box 1,8
0.34:  50.9,191.8,180,box 1,8
0.34:  50.9,191.8,180,box 1,8
0.34:  50.9,191.8,180,box 1,8
0.35:  50.9,191.8,180,box 1,8
0.35:  50.9,191.8,180,box 1,8
0.35:  50.9,191.8,180,box 1,8
0.36:  50.9,191.8,180,box 1,8
0.36:  50.9,191.8,180,box 1,8
0.37:  50.9,191.8,180,box 1,8
0.37:  50.9,191.8,180,box 1,8
0.37:  50.9,191.8,180,box 1,8
0.38:  50.9,191.8,180,box 1,8
0.38:  50.9,191.8,180,box 1,8
0.38:  50.9,191.8,180,box 1,8
0.39:  50.9,191.8,180,box 1,8
0.39:  50.9,191.8,180,box 1,8
0.39:  50.9,191.8,180,box 1,8
0.4:  50.9,191.8,180,box 1,8
0.4:  50.9,191.8,180,box 1,8
0.41:  50.9,191.8,180,box 1,8
0.41:  50.9,191.8,180,box 1,8
0.42:  50.9,191.8,180,box 1,8
0.42:  50.9,191.8,180,box 1,8
0.42:  50.9,191.8,180,box 1,8
0.43:  50.9,191.8,180,box 1,8
0.43:  50.9,191.8,180,box 1,8
0.44:  50.9,191.8,180,box 1,8
0.44:  50.9,191.8,180,box 1,8
0.44:  50.9,191.8,180,box 1,8
0.45:  50.9,191.8,180,box 1,8
0.45:  50.9,191.8,180,box 1,8
0.46:  50.9,191.8,180,box 1,8
0.46:  50.9,191.8,180,box 1,8
0.46:  50.9,191.8,180,box 1,8
0.47:  50.9,191.8,180,box 1,8
0.47:  50.9,191.8,180,box 1,8
0.47:  50.9,191.8,180,box 1,8
0.48:  50.9,191.8,180,box 1,8
0.48:  50.9,191.8,180,box 1,8
0.49:  50.9,191.8,180,box 1,8
0.49:  50.9,191.8,180,box 1,8
0.49:  50.9,191.8,180,box 1,8
0.5:  50.9,191.8,180,box 1,8
0.5:  50.9,191.8,180,box 1,8
0.5:  50.9,191.8,180,box 1,8
0.51:  50.9,191.8,180,box 1,8
0.51:  50.9,191.8,180,box 1,8
0.51:  50.9,191.8,180,box 1,8
0.52:  50.9,191.8,180,box 1,8
0.52:  50.9,191.8,180,box 1,8
0.52:  50.9,191.8,180,box 1,8
0.53:  50.9,191.8,180,box 1,8
0.53:  50.9,191.8,180,box 1,8
0.53:  50.9,191.8,180,box 1,8
0.54:  50.9,191.8,180,box 1,8
0.54:  50.9,191.8,180,box 1,8
0.55:  50.9,191.8,180,box 1,8
0.55:  50.9,191.8,180,box 1,8
0.55:  50.9,191.8,180,box 1,8
0.56:  50.9,191.8,180,box 1,8
0.56:  50.9,191.8,180,box 1,8
0.56:  50.9,191.8,180,box 1,8
0.57:  50.9,191.8,180,box 1,8
0.57:  50.9,191.8,180,box 1,8
0.57:  50.9,191.8,180,box 1,8
0.58:  50.9,191.8,180,box 1,8
0.58:  50.9,191.8,180,box 1,8
0.58:  50.9,191.8,180,box 1,8
0.59:  50.9,191.8,180,box 1,8
0.59:  50.9,191.8,180,box 1,8
0.59:  50.9,191.8,180,box 1,8
0.6:  50.9,191.8,180,box 1,8
0.6:  50.9,191.8,180,box 1,8
0.61:  50.9,191.8,180,box 1,8
0.61:  50.9,191.8,180,box 1,8
0.61:  50.9,191.8,180,box 1,8
0.62:  50.9,191.8,180,box 1,8
0.62:  50.9,191.8,180,box 1,8
0.62:  50.9,191.8,180,box 1,8
0.63:  50.9,191.8,180,box 1,8
0.63:  50.9,191.8,180,box 1,8
0.63:  50.9,191.8,180,box 1,8
0.64:  50.9,191.8,180,box 1,8
0.64:  50.9,191.8,180,box 1,8
0.64:  50.9,191.8,180,box 1,8
0.65:  50.9,191.8,180,box 1,8
0.65:  50.9,191.8,180,box 1,8
0.65:  50.9,191.8,180,box 1,8
0.66:  50.9,191.8,180,box 1,8
0.66:  50.9,191.8,180,box 1,8
0.66:  50.9,191.8,180,box 1,8
0.67:  50.9,191.8,180,box 1,8
0.67:  50.9,191.8,180,box 1,8
0.67:  50.9,191.8,180,box 1,8
0.68:  50.9,191.8,180,box 1,8
0.68:  50.9,191.8,180,box 1,8
0.69:  50.9,191.8,180,box 1,8
0.69:  50.9,191.8,180,box 1,8
0.69:  50.9,191.8,180,box 1,8
0.7:  50.9,191.8,180,box 1,8
0.7:  50.9,191.8,180,box 1,8
0.7:  50.9,191.8,180,box 1,8
0.71:  50.9,191.8,180,box 1,8
0.71:  50.9,191.8,180,box 1,8
0.71:  50.9,191.8,180,box 1,8
0.72:  50.9,191.8,180,box 1,8
0.72:  50.9,191.8,180,box 1,8
0.72:  50.9,191.8,180,box 1,8
0.73:  50.9,191.8,180,box 1,8
0.73:  50.9,191.8,180,box 1,8
0.73:  50.9,191.8,180,box 1,8
0.74:  50.9,191.8,180,box 1,8
0.74:  50.9,191.8,180,box 1,8
0.74:  50.9,191.8,180,box 1,8
0.75:  50.9,191.8,180,box 1,8
0.75:  50.9,191.8,180,box 1,8
0.75:  50.9,191.8,180,box 1,8
0.76:  50.9,191.8,180,box 1,8
0.76:  50.9,191.8,180,box 1,8
0.76:  50.9,191.8,180,box 1,8
0.77:  50.9,191.8,180,box 1,8
0.77:  50.9,191.8,180,box 1,8
0.77:  50.9,191.8,180,box 1,8
0.78:  50.9,191.8,180,box 1,8
0.78:  50.9,191.8,180,box 1,8
0.78:  50.9,191.8,180,box 1,8
0.79:  50.9,191.8,180,box 1,8
0.79:  50.9,191.8,180,box 1,8
0.79:  50.9,191.8,180,box 1,8
0.8:  50.9,191.8,180,box 1,8
0.8:  50.9,191.8,180,box 1,8
0.81:  50.9,191.8,180,box 1,8
0.81:  50.9,191.8,180,box 1,8
0.81:  50.9,191.8,180,box 1,8
0.82:  50.9,191.8,180,box 1,8
0.82:  50.9,191.8,180,box 1,8
0.82:  50.9,191.8,180,box 1,8
0.83:  50.9,191.8,180,box 1,8
0.83:  50.9,191.8,180,box 1,8
0.83:  50.9,191.8,180,box 1,8
0.84:  50.9,191.8,180,box 1,8
0.84:  50.9,191.8,180,box 1,8
0.84:  50.9,191.8,180,box 1,8
0.85:  50.9,191.8,180,box 1,8
0.85:  50.9,191.8,180,box 1,8
0.85:  50.9,191.8,180,box 1,8
0.86:  50.9,191.8,180,box 1,8
0.86:  50.9,191.8,180,box 1,8
0.86:  50.9,191.8,180,box 1,8
0.87:  50.9,191.8,180,box 1,8
0.87:  50.9,191.8,180,box 1,8
0.88:  50.9,191.8,180,box 1,8
0.88:  50.9,191.8,180,box 1,8
0.88:  50.9,191.8,180,box 1,8
0.89:  50.9,191.8,180,box 1,8
0.89:  50.9,191.8,180,box 1,8
0.89:  50.9,191.8,180,box 1,8
0.9:  50.9,191.8,180,box 1,8
0.9:  50.9,191.8,180,box 1,8
0.9:  50.9,191.8,180,box 1,8
0.91:  50.9,191.8,180,box 1,8
0.91:  50.9,191.8,180,box 1,8
0.92:  50.9,191.8,180,box 1,8
0.92:  50.9,191.8,180,box 1,8
0.92:  50.9,191.8,180,box 1,8
0.93:  50.9,191.8,180,box 1,8
0.93:  50.9,191.8,180,box 1,8
0.93:  50.9,191.8,180,box 1,8
0.94:  50.9,191.8,180,box 1,8
0.94:  50.9,191.8,180,box 1,8
0.94:  50.9,191.8,180,box 1,8
0.95:  50.9,191.8,180,box 1,8
0.95:  50.9,191.8,180,box 1,8
0.95:  50.9,191.8,180,box 1,8
0.96:  50.9,191.8,180,box 1,8
0.96:  50.9,191.8,180,box 1,8
0.96:  50.9,191.8,180,box 1,8
0.97:  50.9,191.8,180,box 1,8
0.97:  50.9,191.8,180,box 1,8
0.97:  50.9,191.8,180,box 1,8
0.98:  50.9,191.8,180,box 1,8
0.98:  50.9,191.8,180,box 1,8
0.99:  50.9,191.8,180,box 1,8
0.99:  50.9,191.8,180,box 1,8
0.99:  50.9,191.8,180,box 1,8
1:  50.9,191.8,180,box 1,8
1:  50.9,191.8,180,box 1,8
1.01:  50.9,191.8,180,box 1,8
1.01:  50.9,191.8,180,box 1,8
1.01:  50.9,191.8,180,box 1,8
1.02:  50.9,191.8,180,box 1,8
1.02:  50.9,191.8,180,box 1,8
1.03:  50.9,191.8,180,box 1,8
1.03:  50.9,191.8,180,box 1,8
1.04:  50.9,191.8,180,box 1,8
1.04:  50.9,191.8,180,box 1,8
1.04:  50.9,191.8,180,box 1,8
1.05:  50.9,191.8,180,box 1,8
1.05:  50.9,191.8,180,box 1,8
1.05:  50.9,191.8,180,box 1,8
1.06:  50.9,191.8,180,box 1,8
1.06:  50.9,191.8,180,box 1,8
1.06:  50.9,191.8,180,box 1,8
1.07:  50.9,191.8,180,box 1,8
1.07:  50.9,191.8,180,box 1,8
1.07:  50.9,191.8,180,box 1,8
1.08:  50.9,191.8,180,box 1,8
1.08:  50.9,191.8,180,box 1,8
1.08:  50.9,191.8,180,box 1,8
1.09:  50.9,191.8,180,box 1,8
1.09:  50.9,191.8,180,box 1,8
1.09:  50.9,191.8,180,box 1,8
1.1:  50.9,191.8,180,box 1,8
1.1:  50.9,191.8,180,box 1,8
1.11:  50.9,191.8,180,box 1,8
1.11:  50.9,191.8,180,box 1,8
1.11:  50.9,191.8,180,box 1,8
1.12:  50.9,191.8,180,box 1,8
1.12:  50.9,191.8,180,box 1,8
1.12:  50.9,191.8,180,box 1,8
1.13:  50.9,191.8,180,box 1,8
1.13:  50.9,191.8,180,box 1,8
1.13:  50.9,191.8,180,box 1,8
1.14:  50.9,191.8,180,box 1,8
1.14:  50.9,191.8,180,box 1,8
1.14:  50.9,191.8,180,box 1,8
1.15:  50.9,191.8,180,box 1,8
1.15:  50.9,191.8,180,box 1,8
1.15:  50.9,191.8,180,box 1,8
1.16:  50.9,191.8,180,box 1,8
1.16:  50.9,191.8,180,box 1,8
1.16:  50.9,191.8,180,box 1,8
1.17:  50.9,191.8,180,box 1,8
1.17:  50.9,191.8,180,box 1,8
1.17:  50.9,191.8,180,box 1,8
1.18:  50.9,191.8,180,box 1,8
1.18:  50.9,191.8,180,box 1,8
1.18:  50.9,191.8,180,box 1,8
1.19:  50.9,191.8,180,box 1,8
1.19:  50.9,191.8,180,box 1,8
1.19:  50.9,191.8,180,box 1,8
1.2:  50.9,191.8,180,box 1,8
1.2:  50.9,191.8,180,box 1,8
1.21:  50.9,191.8,180,box 1,8
1.21:  50.9,191.8,180,box 1,8
1.21:  50.9,191.8,180,box 1,8
1.22:  50.9,191.8,180,box 1,8
1.22:  50.9,191.8,180,box 1,8
1.23:  50.9,191.8,180,box 1,8
1.23:  50.9,191.8,180,box 1,8
1.23:  50.9,191.8,180,box 1,8
1.24:  50.9,191.8,180,box 1,8
1.24:  50.9,191.8,180,box 1,8
1.24:  50.9,191.8,180,box 1,8
1.25:  50.9,191.8,180,box 1,8
1.25:  50.9,191.8,180,box 1,8
1.25:  50.9,191.8,180,box 1,8
1.26:  50.9,191.8,180,box 1,8
1.26:  50.9,191.8,180,box 1,8
1.26:  50.9,191.8,180,box 1,8
1.27:  50.9,191.8,180,box 1,8
1.27:  50.9,191.8,180,box 1,8
1.27:  50.9,191.8,180,box 1,8
1.28:  50.9,191.8,180,box 1,8
1.28:  50.9,191.8,180,box 1,8
1.28:  50.9,191.8,180,box 1,8
1.29:  50.9,191.8,180,box 1,8
1.29:  50.9,191.8,180,box 1,8
1.29:  50.9,191.8,180,box 1,8
1.3:  50.9,191.8,180,box 1,8
1.3:  50.9,191.8,180,box 1,8
1.3:  50.9,191.8,180,box 1,8
1.31:  50.9,191.8,180,box 1,8
1.31:  50.9,191.8,180,box 1,8
1.31:  50.9,191.8,180,box 1,8
1.32:  50.9,191.8,180,box 1,8
1.32:  50.9,191.8,180,box 1,8
1.32:  50.9,191.8,180,box 1,8
1.33:  50.9,191.8,180,box 1,8
1.33:  50.9,191.8,180,box 1,8
1.33:  50.9,191.8,180,box 1,8
1.34:  50.9,191.8,180,box 1,8
1.34:  50.9,191.8,180,box 1,8
1.34:  50.9,191.8,180,box 1,8
1.35:  50.9,191.8,180,box 1,8
1.35:  50.9,191.8,180,box 1,8
1.35:  50.9,191.8,180,box 1,8
1.36:  50.9,191.8,180,box 1,8
1.36:  50.9,191.8,180,box 1,8
1.36:  50.9,191.8,180,box 1,8
1.37:  50.9,191.8,180,box 1,8
1.37:  50.9,191.8,180,box 1,8
1.37:  50.9,191.8,180,box 1,8
1.38:  50.9,191.8,180,box 1,8
1.38:  50.9,191.8,180,box 1,8
1.39:  50.9,191.8,180,box 1,8
1.39:  50.9,191.8,180,box 1,8
1.39:  50.9,191.8,180,box 1,8
1.4:  50.9,191.8,180,box 1,8
1.4:  50.9,191.8,180,box 1,8
1.4:  50.9,191.8,180,box 1,8
1.41:  50.9,191.8,180,box 1,8
1.41:  50.9,191.8,180,box 1,8
1.42:  50.9,191.8,180,box 1,8
1.42:  50.9,191.8,180,box 1,8
1.42:  50.9,191.8,180,box 1,8
1.43:  50.9,191.8,180,box 1,8
1.43:  50.9,191.8,180,box 1,8
1.44:  50.9,191.8,180,box 1,8
1.44:  50.9,191.8,180,box 1,8
1.44:  50.9,191.8,180,box 1,8
1.45:  50.9,191.8,180,box 1,8
1.45:  50.9,191.8,180,box 1,8
1.45:  50.9,191.8,180,box 1,8
1.46:  50.9,191.8,180,box 1,8
1.46:  50.9,191.8,180,box 1,8
1.47:  50.9,191.8,180,box 1,8
1.47:  50.9,191.8,180,box 1,8
1.47:  50.9,191.8,180,box 1,8
1.48:  50.9,191.8,180,box 1,8
1.48:  50.9,191.8,180,box 1,8
1.48:  50.9,191.8,180,box 1,8
1.49:  50.9,191.8,180,box 1,8
1.49:  50.9,191.8,180,box 1,8
1.49:  50.9,191.8,180,box 1,8
1.5:  50.9,191.8,180,box 1,8
1.5:  50.9,191.8,180,box 1,8
1.5:  50.9,191.8,180,box 1,8
1.51:  50.9,191.8,180,box 1,8
1.51:  50.9,191.8,180,box 1,8
1.51:  50.9,191.8,180,box 1,8
1.52:  50.9,191.8,180,box 1,8
1.52:  50.9,191.8,180,box 1,8
1.52:  50.9,191.8,180,box 1,8
1.53:  50.9,191.8,180,box 1,8
1.53:  50.9,191.8,180,box 1,8
1.53:  50.9,191.8,180,box 1,8
1.54:  50.9,191.8,180,box 1,8
1.54:  50.9,191.8,180,box 1,8
1.54:  50.9,191.8,180,box 1,8
1.55:  50.9,191.8,180,box 1,8
1.55:  50.9,191.8,180,box 1,8
1.55:  50.9,191.8,180,box 1,8
1.56:  50.9,191.8,180,box 1,8
1.56:  50.9,191.8,180,box 1,8
1.56:  50.9,191.8,180,box 1,8
1.57:  50.9,191.8,180,box 1,8
1.57:  50.9,191.8,180,box 1,8
1.57:  50.9,191.8,180,box 1,8
1.58:  50.9,191.8,180,box 1,8
1.58:  50.9,191.8,180,box 1,8
1.58:  50.9,191.8,180,box 1,8
1.59:  50.9,191.8,180,box 1,8
1.59:  50.9,191.8,180,box 1,8
1.59:  50.9,191.8,180,box 1,8
1.6:  50.9,191.8,180,box 1,8
1.6:  50.9,191.8,180,box 1,8
1.6:  50.9,191.8,180,box 1,8
1.61:  50.9,191.8,180,box 1,8
1.61:  50.9,191.8,180,box 1,8
1.62:  50.9,191.8,180,box 1,8
1.63:  50.9,191.8,180,box 1,8
1.63:  50.9,191.8,180,box 1,8
1.63:  50.9,191.8,180,box 1,8
1.64:  50.9,191.8,180,box 1,8
1.64:  50.9,191.8,180,box 1,8
1.64:  50.9,191.8,180,box 1,8
1.65:  50.9,191.8,180,box 1,8
1.65:  50.9,191.8,180,box 1,8
1.65:  50.9,191.8,180,box 1,8
1.66:  50.9,191.8,180,box 1,8
1.66:  50.9,191.8,180,box 1,8
1.66:  50.9,191.8,180,box 1,8
1.67:  50.9,191.8,180,box 1,8
1.67:  50.9,191.8,180,box 1,8
1.67:  50.9,191.8,180,box 1,8
1.68:  50.9,191.8,180,box 1,8
1.68:  50.9,191.8,180,box 1,8
1.68:  50.9,191.8,180,box 1,8
1.69:  50.9,191.8,180,box 1,8
1.69:  50.9,191.8,180,box 1,8
1.69:  50.9,191.8,180,box 1,8
1.7:  50.9,191.8,180,box 1,8
1.7:  50.9,191.8,180,box 1,8
1.71:  50.9,191.8,180,box 1,8
1.71:  50.9,191.8,180,box 1,8
1.71:  50.9,191.8,180,box 1,8
1.72:  50.9,191.8,180,box 1,8
1.72:  50.9,191.8,180,box 1,8
1.72:  50.9,191.8,180,box 1,8
1.73:  50.9,191.8,180,box 1,8
1.73:  50.9,191.8,180,box 1,8
1.73:  50.9,191.8,180,box 1,8
1.74:  50.9,191.8,180,box 1,8
1.74:  50.9,191.8,180,box 1,8
1.74:  50.9,191.8,180,box 1,8
1.75:  50.9,191.8,180,box 1,8
1.75:  50.9,191.8,180,box 1,8
1.75:  50.9,191.8,180,box 1,8
1.76:  50.9,191.8,180,box 1,8
1.76:  50.9,191.8,180,box 1,8
1.77:  50.9,191.8,180,box 1,8
1.77:  50.9,191.8,180,box 1,8
1.77:  50.9,191.8,180,box 1,8
1.78:  50.9,191.8,180,box 1,8
1.78:  50.9,191.8,180,box 1,8
1.78:  50.9,191.8,180,box 1,8
1.79:  50.9,191.8,180,box 1,8
1.79:  50.9,191.8,180,box 1,8
1.79:  50.9,191.8,180,box 1,8
1.8:  50.9,191.8,180,box 1,8
1.8:  50.9,191.8,180,box 1,8
1.8:  50.9,191.8,180,box 1,8
1.81:  50.9,191.8,180,box 1,8
1.81:  50.9,191.8,180,box 1,8
1.82:  50.9,191.8,180,box 1,8
1.82:  50.9,191.8,180,box 1,8
1.82:  50.9,191.8,180,box 1,8
1.83:  50.9,191.8,180,box 1,8
1.83:  50.9,191.8,180,box 1,8
1.83:  50.9,191.8,180,box 1,8
1.84:  50.9,191.8,180,box 1,8
1.84:  50.9,191.8,180,box 1,8
1.84:  50.9,191.8,180,box 1,8
1.85:  50.9,191.8,180,box 1,8
1.85:  50.9,191.8,180,box 1,8
1.85:  50.9,191.8,180,box 1,8
1.86:  50.9,191.8,180,box 1,8
1.86:  50.9,191.8,180,box 1,8
1.86:  50.9,191.8,180,box 1,8
1.87:  50.9,191.8,180,box 1,8
1.87:  50.9,191.8,180,box 1,8
1.87:  50.9,191.8,180,box 1,8
1.88:  50.9,191.8,180,box 1,8
1.88:  50.9,191.8,180,box 1,8
1.88:  50.9,191.8,180,box 1,8
1.89:  50.9,191.8,180,box 1,8
1.89:  50.9,191.8,180,box 1,8
1.89:  50.9,191.8,180,box 1,8
1.9:  50.9,191.8,180,box 1,8
1.9:  50.9,191.8,180,box 1,8
1.91:  50.9,191.8,180,box 1,8
1.91:  50.9,191.8,180,box 1,8
1.91:  50.9,191.8,180,box 1,8
1.92:  50.9,191.8,180,box 1,8
1.92:  50.9,191.8,180,box 1,8
1.92:  50.9,191.8,180,box 1,8
1.93:  50.9,191.8,180,box 1,8
1.93:  50.9,191.8,180,box 1,8
1.93:  50.9,191.8,180,box 1,8
1.94:  50.9,191.8,180,box 1,8
1.94:  50.9,191.8,180,box 1,8
1.94:  50.9,191.8,180,box 1,8
1.95:  50.9,191.8,180,box 1,8
1.95:  50.9,191.8,180,box 1,8
1.95:  50.9,191.8,180,box 1,8
1.96:  50.9,191.8,180,box 1,8
1.96:  50.9,191.8,180,box 1,8
1.96:  50.9,191.8,180,box 1,8
1.97:  50.9,191.8,180,box 1,8
1.97:  50.9,191.8,180,box 1,8
1.98:  50.9,191.8,180,box 1,8
1.98:  50.9,191.8,180,box 1,8
1.98:  50.9,191.8,180,box 1,8
1.99:  50.9,191.8,180,box 1,8
1.99:  50.9,191.8,180,box 1,8
1.99:  50.9,191.8,180,box 1,8
2:  50.9,191.8,180,box 1,8
2:  50.9,191.8,180,box 1,8
2:  50.9,191.8,180,box 1,8
2.01:  50.9,191.8,180,box 1,8
2.01:  50.9,191.8,180,box 1,8
2.02:  50.9,191.8,180,box 1,8
2.02:  50.9,191.8,180,box 1,8
2.03:  50.9,191.8,180,box 1,8
2.03:  50.9,191.8,180,box 1,8
2.03:  50.9,191.8,180,box 1,8
2.04:  50.9,191.8,180,box 1,8
2.04:  50.9,191.8,180,box 1,8
2.04:  50.9,191.8,180,box 1,8
2.05:  50.9,191.8,180,box 1,8
2.05:  50.9,191.8,180,box 1,8
2.05:  50.9,191.8,180,box 1,8
2.06:  50.9,191.8,180,box 1,8
2.06:  50.9,191.8,180,box 1,8
2.07:  50.9,191.8,180,box 1,8
2.07:  50.9,191.8,180,box 1,8
2.07:  50.9,191.8,180,box 1,8
2.08:  50.9,191.8,180,box 1,8
2.08:  50.9,191.8,180,box 1,8
2.09:  50.9,191.8,180,box 1,8
2.09:  50.9,191.8,180,box 1,8
2.09:  50.9,191.8,180,box 1,8
2.1:  50.9,191.8,180,box 1,8
2.1:  50.9,191.8,180,box 1,8
2.1:  50.9,191.8,180,box 1,8
2.11:  50.9,191.8,180,box 1,8
2.11:  50.9,191.8,180,box 1,8
2.11:  50.9,191.8,180,box 1,8
2.12:  50.9,191.8,180,box 1,8
2.12:  50.9,191.8,180,box 1,8
2.12:  50.9,191.8,180,box 1,8
2.13:  50.9,191.8,180,box 1,8
2.13:  50.9,191.8,180,box 1,8
2.14:  50.9,191.8,180,box 1,8
2.14:  50.9,191.8,180,box 1,8
2.14:  50.9,191.8,180,box 1,8
2.15:  50.9,191.8,180,box 1,8
2.15:  50.9,191.8,180,box 1,8
2.15:  50.9,191.8,180,box 1,8
2.16:  50.9,191.8,180,box 1,8
2.16:  50.9,191.8,180,box 1,8
2.16:  50.9,191.8,180,box 1,8
2.17:  50.9,191.8,180,box 1,8
2.17:  50.9,191.8,180,box 1,8
2.17:  50.9,191.8,180,box 1,8
2.18:  50.9,191.8,180,box 1,8
2.18:  50.9,191.8,180,box 1,8
2.18:  50.9,191.8,180,box 1,8
2.19:  50.9,191.8,180,box 1,8
2.19:  50.9,191.8,180,box 1,8
2.2:  50.9,191.8,180,box 1,8
2.2:  50.9,191.8,180,box 1,8
2.2:  50.9,191.8,180,box 1,8
2.21:  50.9,191.8,180,box 1,8
2.21:  50.9,191.8,180,box 1,8
2.22:  50.9,191.8,180,box 1,8
2.22:  50.9,191.8,180,box 1,8
2.22:  50.9,191.8,180,box 1,8
2.23:  50.9,191.8,180,box 1,8
2.23:  50.9,191.8,180,box 1,8
2.23:  50.9,191.8,180,box 1,8
2.24:  50.9,191.8,180,box 1,8
2.24:  50.9,191.8,180,box 1,8
2.24:  50.9,191.8,180,box 1,8
2.25:  50.9,191.8,180,box 1,8
2.25:  50.9,191.8,180,box 1,8
2.25:  50.9,191.8,180,box 1,8
2.26:  50.9,191.8,180,box 1,8
2.26:  50.9,191.8,180,box 1,8
2.26:  50.9,191.8,180,box 1,8
2.27:  50.9,191.8,180,box 1,8
2.27:  50.9,191.8,180,box 1,8
2.27:  50.9,191.8,180,box 1,8
2.28:  50.9,191.8,180,box 1,8
2.28:  50.9,191.8,180,box 1,8
2.28:  50.9,191.8,180,box 1,8
2.29:  50.9,191.8,180,box 1,8
2.29:  50.9,191.8,180,box 1,8
2.29:  50.9,191.8,180,box 1,8
2.3:  50.9,191.8,180,box 1,8
2.3:  50.9,191.8,180,box 1,8
2.31:  50.9,191.8,180,box 1,8
2.31:  50.9,191.8,180,box 1,8
2.31:  50.9,191.8,180,box 1,8
2.32:  50.9,191.8,180,box 1,8
2.32:  50.9,191.8,180,box 1,8
2.32:  50.9,191.8,180,box 1,8
2.33:  50.9,191.8,180,box 1,8
2.33:  50.9,191.8,180,box 1,8
2.34:  50.9,191.8,180,box 1,8
2.34:  50.9,191.8,180,box 1,8
2.34:  50.9,191.8,180,box 1,8
2.35:  50.9,191.8,180,box 1,8
2.35:  50.9,191.8,180,box 1,8
2.35:  50.9,191.8,180,box 1,8
2.36:  50.9,191.8,180,box 1,8
2.36:  50.9,191.8,180,box 1,8
2.36:  50.9,191.8,180,box 1,8
2.37:  50.9,191.8,180,box 1,8
2.37:  50.9,191.8,180,box 1,8
2.37:  50.9,191.8,180,box 1,8
2.38:  50.9,191.8,180,box 1,8
2.38:  50.9,191.8,180,box 1,8
2.38:  50.9,191.8,180,box 1,8
2.39:  50.9,191.8,180,box 1,8
2.39:  50.9,191.8,180,box 1,8
2.39:  50.9,191.8,180,box 1,8
2.4:  50.9,191.8,180,box 1,8
2.4:  50.9,191.8,180,box 1,8
2.4:  50.9,191.8,180,box 1,8
2.41:  50.9,191.8,180,box 1,8
2.41:  50.9,191.8,180,box 1,8
2.42:  50.9,191.8,180,box 1,8
2.42:  50.9,191.8,180,box 1,8
2.42:  50.9,191.8,180,box 1,8
2.43:  50.9,191.8,180,box 1,8
2.43:  50.9,191.8,180,box 1,8
2.43:  50.9,191.8,180,box 1,8
2.44:  50.9,191.8,180,box 1,8
2.44:  50.9,191.8,180,box 1,8
2.45:  50.9,191.8,180,box 1,8
2.45:  50.9,191.8,180,box 1,8
2.45:  50.9,191.8,180,box 1,8
2.46:  50.9,191.8,180,box 1,8
2.46:  50.9,191.8,180,box 1,8
2.46:  50.9,191.8,180,box 1,8
2.47:  50.9,191.8,180,box 1,8
2.47:  50.9,191.8,180,box 1,8
2.47:  50.9,191.8,180,box 1,8
2.48:  50.9,191.8,180,box 1,8
2.48:  50.9,191.8,180,box 1,8
2.49:  50.9,191.8,180,box 1,8
2.49:  50.9,191.8,180,box 1,8
2.49:  50.9,191.8,180,box 1,8
2.5:  50.9,191.8,180,box 1,8
2.5:  50.9,191.8,180,box 1,8
2.5:  50.9,191.8,180,box 1,8
2.51:  50.9,191.8,180,box 1,8
2.51:  50.9,191.8,180,box 1,8
2.51:  50.9,191.8,180,box 1,8
2.52:  50.9,191.8,180,box 1,8
2.52:  50.9,191.8,180,box 1,8
2.53:  50.9,191.8,180,box 1,8
2.53:  50.9,191.8,180,box 1,8
2.53:  50.9,191.8,180,box 1,8
2.54:  50.9,191.8,180,box 1,8
2.54:  50.9,191.8,180,box 1,8
2.54:  50.9,191.8,180,box 1,8
2.55:  50.9,191.8,180,box 1,8
2.55:  50.9,191.8,180,box 1,8
2.55:  50.9,191.8,180,box 1,8
2.56:  50.9,191.8,180,box 1,8
2.56:  50.9,191.8,180,box 1,8
2.56:  50.9,191.8,180,box 1,8
2.57:  50.9,191.8,180,box 1,8
2.57:  50.9,191.8,180,box 1,8
2.58:  50.9,191.8,180,box 1,8
2.58:  50.9,191.8,180,box 1,8
2.58:  50.9,191.8,180,box 1,8
2.59:  50.9,191.8,180,box 1,8
2.59:  50.9,191.8,180,box 1,8
2.59:  50.9,191.8,180,box 1,8
2.6:  50.9,191.8,180,box 1,8
2.61:  50.9,191.8,180,box 1,8
2.61:  50.9,191.8,180,box 1,8
2.61:  50.9,191.8,180,box 1,8
2.62:  50.9,191.8,180,box 1,8
2.62:  50.9,191.8,180,box 1,8
2.63:  50.9,191.8,180,box 1,8
2.63:  50.9,191.8,180,box 1,8
2.63:  50.9,191.8,180,box 1,8
2.64:  50.9,191.8,180,box 1,8
2.64:  50.9,191.8,180,box 1,8
2.64:  50.9,191.8,180,box 1,8
2.65:  50.9,191.8,180,box 1,8
2.65:  50.9,191.8,180,box 1,8
2.66:  50.9,191.8,180,box 1,8
2.66:  50.9,191.8,180,box 1,8
2.66:  50.9,191.8,180,box 1,8
2.67:  50.9,191.8,180,box 1,8
2.67:  50.9,191.8,180,box 1,8
2.67:  50.9,191.8,180,box 1,8
2.68:  50.9,191.8,180,box 1,8
2.68:  50.9,191.8,180,box 1,8
2.69:  50.9,191.8,180,box 1,8
2.69:  50.9,191.8,180,box 1,8
2.69:  50.9,191.8,180,box 1,8
2.7:  50.9,191.8,180,box 1,8
2.7:  50.9,191.8,180,box 1,8
2.7:  50.9,191.8,180,box 1,8
2.71:  50.9,191.8,180,box 1,8
2.71:  50.9,191.8,180,box 1,8
2.71:  50.9,191.8,180,box 1,8
2.72:  50.9,191.8,180,box 1,8
2.72:  50.9,191.8,180,box 1,8
2.72:  50.9,191.8,180,box 1,8
2.73:  50.9,191.8,180,box 1,8
2.73:  50.9,191.8,180,box 1,8
2.74:  50.9,191.8,180,box 1,8
2.74:  50.9,191.8,180,box 1,8
2.74:  50.9,191.8,180,box 1,8
2.75:  50.9,191.8,180,box 1,8
2.75:  50.9,191.8,180,box 1,8
2.75:  50.9,191.8,180,box 1,8
2.76:  50.9,191.8,180,box 1,8
2.76:  50.9,191.8,180,box 1,8
2.76:  50.9,191.8,180,box 1,8
2.77:  50.9,191.8,180,box 1,8
2.77:  50.9,191.8,180,box 1,8
2.77:  50.9,191.8,180,box 1,8
2.78:  50.9,191.8,180,box 1,8
2.78:  50.9,191.8,180,box 1,8
2.78:  50.9,191.8,180,box 1,8
2.79:  50.9,191.8,180,box 1,8
2.79:  50.9,191.8,180,box 1,8
2.8:  50.9,191.8,180,box 1,8
2.8:  50.9,191.8,180,box 1,8
2.8:  50.9,191.8,180,box 1,8
2.81:  50.9,191.8,180,box 1,8
2.81:  50.9,191.8,180,box 1,8
2.81:  50.9,191.8,180,box 1,8
2.82:  50.9,191.8,180,box 1,8
2.82:  50.9,191.8,180,box 1,8
2.83:  50.9,191.8,180,box 1,8
2.83:  50.9,191.8,180,box 1,8
2.83:  50.9,191.8,180,box 1,8
2.84:  50.9,191.8,180,box 1,8
2.85:  50.9,191.8,180,box 1,8
2.85:  50.9,191.8,180,box 1,8
2.85:  50.9,191.8,180,box 1,8
2.86:  50.9,191.8,180,box 1,8
2.86:  50.9,191.8,180,box 1,8
2.86:  50.9,191.8,180,box 1,8
2.87:  50.9,191.8,180,box 1,8
2.87:  50.9,191.8,180,box 1,8
2.87:  50.9,191.8,180,box 1,8
2.88:  50.9,191.8,180,box 1,8
2.88:  50.9,191.8,180,box 1,8
2.88:  50.9,191.8,180,box 1,8
2.89:  50.9,191.8,180,box 1,8
2.89:  50.9,191.8,180,box 1,8
2.89:  50.9,191.8,180,box 1,8
2.9:  50.9,191.8,180,box 1,8
2.9:  50.9,191.8,180,box 1,8
2.91:  50.9,191.8,180,box 1,8
2.91:  50.9,191.8,180,box 1,8
2.91:  50.9,191.8,180,box 1,8
2.92:  50.9,191.8,180,box 1,8
2.92:  50.9,191.8,180,box 1,8
2.92:  50.9,191.8,180,box 1,8
2.93:  50.9,191.8,180,box 1,8
2.93:  50.9,191.8,180,box 1,8
2.93:  50.9,191.8,180,box 1,8
2.94:  50.9,191.8,180,box 1,8
2.94:  50.9,191.8,180,box 1,8
2.95:  50.9,191.8,180,box 1,8
2.95:  50.9,191.8,180,box 1,8
2.95:  50.9,191.8,180,box 1,8
2.96:  50.9,191.8,180,box 1,8
2.96:  50.9,191.8,180,box 1,8
2.96:  50.9,191.8,180,box 1,8
2.97:  50.9,191.8,180,box 1,8
2.97:  50.9,191.8,180,box 1,8
2.97:  50.9,191.8,180,box 1,8
2.98:  50.9,191.8,180,box 1,8
2.98:  50.9,191.8,180,box 1,8
2.98:  50.9,191.8,180,box 1,8
2.99:  50.9,191.8,180,box 1,8
2.99:  50.9,191.8,180,box 1,8
2.99:  50.9,191.8,180,box 1,8
3:  50.9,191.8,180,box 1,8
3:  50.9,191.8,180,box 1,8
3.01:  50.9,191.8,180,box 1,8
3.01:  50.9,191.8,180,box 1,8
3.01:  50.9,191.8,180,box 1,8
3.02:  50.9,191.8,180,box 1,8
3.02:  50.9,191.8,180,box 1,8
3.03:  50.9,191.8,180,box 1,8
3.03:  50.9,191.8,180,box 1,8
3.03:  50.9,191.8,180,box 1,8
3.04:  50.9,191.8,180,box 1,8
3.04:  50.9,191.8,180,box 1,8
3.04:  50.9,191.8,180,box 1,8
3.05:  50.9,191.8,180,box 1,8
3.05:  50.9,191.8,180,box 1,8
3.05:  50.9,191.8,180,box 1,8
3.06:  50.9,191.8,180,box 1,8
3.06:  50.9,191.8,180,box 1,8
3.06:  50.9,191.8,180,box 1,8
3.07:  50.9,191.8,180,box 1,8
3.07:  50.9,191.8,180,box 1,8
3.07:  50.9,191.8,180,box 1,8
3.08:  50.9,191.8,180,box 1,8
3.08:  50.9,191.8,180,box 1,8
3.08:  50.9,191.8,180,box 1,8
3.09:  50.9,191.8,180,box 1,8
3.09:  50.9,191.8,180,box 1,8
3.09:  50.9,191.8,180,box 1,8
3.1:  50.9,191.8,180,box 1,8
3.1:  50.9,191.8,180,box 1,8
3.11:  50.9,191.8,180,box 1,8
3.11:  50.9,191.8,180,box 1,8
3.11:  50.9,191.8,180,box 1,8
3.12:  50.9,191.8,180,box 1,8
3.12:  50.9,191.8,180,box 1,8
3.12:  50.9,191.8,180,box 1,8
3.13:  50.9,191.8,180,box 1,8
3.13:  50.9,191.8,180,box 1,8
3.13:  50.9,191.8,180,box 1,8
3.14:  50.9,191.8,180,box 1,8
3.14:  50.9,191.8,180,box 1,8
3.14:  50.9,191.8,180,box 1,8
3.15:  50.9,191.8,180,box 1,8
3.15:  50.9,191.8,180,box 1,8
3.15:  50.9,191.8,180,box 1,8
3.16:  50.9,191.8,180,box 1,8
3.16:  50.9,191.8,180,box 1,8
3.16:  50.9,191.8,180,box 1,8
3.17:  50.9,191.8,180,box 1,8
3.17:  50.9,191.8,180,box 1,8
3.17:  50.9,191.8,180,box 1,8
3.18:  50.9,191.8,180,box 1,8
3.18:  50.9,191.8,180,box 1,8
3.18:  50.9,191.8,180,box 1,8
3.19:  50.9,191.8,180,box 1,8
3.19:  50.9,191.8,180,box 1,8
3.19:  50.9,191.8,180,box 1,8
3.2:  50.9,191.8,180,box 1,8
3.2:  50.9,191.8,180,box 1,8
3.2:  50.9,191.8,180,box 1,8
3.21:  50.9,191.8,180,box 1,8
3.21:  50.9,191.8,180,box 1,8
3.21:  50.9,191.8,180,box 1,8
3.22:  50.9,191.8,180,box 1,8
3.22:  50.9,191.8,180,box 1,8
3.23:  50.9,191.8,180,box 1,8
3.23:  50.9,191.8,180,box 1,8
3.23:  50.9,191.8,180,box 1,8
3.24:  50.9,191.8,180,box 1,8
3.24:  50.9,191.8,180,box 1,8
3.24:  50.9,191.8,180,box 1,8
3.25:  50.9,191.8,180,box 1,8
3.25:  50.9,191.8,180,box 1,8
3.25:  50.9,191.8,180,box 1,8
3.26:  50.9,191.8,180,box 1,8
3.26:  50.9,191.8,180,box 1,8
3.26:  50.9,191.8,180,box 1,8
3.27:  50.9,191.8,180,box 1,8
3.27:  50.9,191.8,180,box 1,8
3.28:  50.9,191.8,180,box 1,8
3.28:  50.9,191.8,180,box 1,8
3.28:  50.9,191.8,180,box 1,8
3.29:  50.9,191.8,180,box 1,8
3.29:  50.9,191.8,180,box 1,8
3.29:  50.9,191.8,180,box 1,8
3.3:  50.9,191.8,180,box 1,8
3.3:  50.9,191.8,180,box 1,8
3.3:  50.9,191.8,180,box 1,8
3.31:  50.9,191.8,180,box 1,8
3.31:  50.9,191.8,180,box 1,8
3.32:  50.9,191.8,180,box 1,8
3.32:  50.9,191.8,180,box 1,8
3.32:  50.9,191.8,180,box 1,8
3.33:  50.9,191.8,180,box 1,8
3.33:  50.9,191.8,180,box 1,8
3.34:  50.9,191.8,180,box 1,8
3.34:  50.9,191.8,180,box 1,8
3.34:  50.9,191.8,180,box 1,8
3.35:  50.9,191.8,180,box 1,8
3.35:  50.9,191.8,180,box 1,8
3.35:  50.9,191.8,180,box 1,8
3.36:  50.9,191.8,180,box 1,8
3.36:  50.9,191.8,180,box 1,8
3.36:  50.9,191.8,180,box 1,8
3.37:  50.9,191.8,180,box 1,8
3.37:  50.9,191.8,180,box 1,8
3.38:  50.9,191.8,180,box 1,8
3.38:  50.9,191.8,180,box 1,8
3.38:  50.9,191.8,180,box 1,8
3.39:  50.9,191.8,180,box 1,8
3.39:  50.9,191.8,180,box 1,8
3.39:  50.9,191.8,180,box 1,8
3.4:  50.9,191.8,180,box 1,8
3.4:  50.9,191.8,180,box 1,8
3.4:  50.9,191.8,180,box 1,8
3.41:  50.9,191.8,180,box 1,8
3.41:  50.9,191.8,180,box 1,8
3.42:  50.9,191.8,180,box 1,8
3.42:  50.9,191.8,180,box 1,8
3.43:  50.9,191.8,180,box 1,8
3.43:  50.9,191.8,180,box 1,8
3.43:  50.9,191.8,180,box 1,8
3.44:  50.9,191.8,180,box 1,8
3.44:  50.9,191.8,180,box 1,8
3.44:  50.9,191.8,180,box 1,8
3.45:  50.9,191.8,180,box 1,8
3.45:  50.9,191.8,180,box 1,8
3.45:  50.9,191.8,180,box 1,8
3.46:  50.9,191.8,180,box 1,8
3.46:  50.9,191.8,180,box 1,8
3.46:  50.9,191.8,180,box 1,8
3.47:  50.9,191.8,180,box 1,8
3.47:  50.9,191.8,180,box 1,8
3.47:  50.9,191.8,180,box 1,8
3.48:  50.9,191.8,180,box 1,8
3.48:  50.9,191.8,180,box 1,8
3.48:  50.9,191.8,180,box 1,8
3.49:  50.9,191.8,180,box 1,8
3.49:  50.9,191.8,180,box 1,8
3.49:  50.9,191.8,180,box 1,8
3.5:  50.9,191.8,180,box 1,8
3.5:  50.9,191.8,180,box 1,8
3.5:  50.9,191.8,180,box 1,8
3.51:  50.9,191.8,180,box 1,8
3.51:  50.9,191.8,180,box 1,8
3.52:  50.9,191.8,180,box 1,8
3.52:  50.9,191.8,180,box 1,8
3.52:  50.9,191.8,180,box 1,8
3.53:  50.9,191.8,180,box 1,8
3.53:  50.9,191.8,180,box 1,8
3.53:  50.9,191.8,180,box 1,8
3.54:  50.9,191.8,180,box 1,8
3.54:  50.9,191.8,180,box 1,8
3.54:  50.9,191.8,180,box 1,8
3.55:  50.9,191.8,180,box 1,8
3.55:  50.9,191.8,180,box 1,8
3.55:  50.9,191.8,180,box 1,8
3.56:  50.9,191.8,180,box 1,8
3.56:  50.9,191.8,180,box 1,8
3.57:  50.9,191.8,180,box 1,8
3.57:  50.9,191.8,180,box 1,8
3.58:  50.9,191.8,180,box 1,8
3.58:  50.9,191.8,180,box 1,8
3.58:  50.9,191.8,180,box 1,8
3.59:  50.9,191.8,180,box 1,8
3.59:  50.9,191.8,180,box 1,8
3.6:  50.9,191.8,180,box 1,8
3.6:  50.9,191.8,180,box 1,8
3.6:  50.9,191.8,180,box 1,8
3.61:  50.9,191.8,180,box 1,8
3.61:  50.9,191.8,180,box 1,8
3.63:  50.9,191.8,180,box 1,8
3.64:  50.9,191.8,180,box 1,8
3.66:  50.9,191.8,180,box 1,8
3.66:  50.9,191.8,180,box 1,8
3.66:  50.9,191.8,180,box 1,8
3.67:  50.9,191.8,180,box 1,8
3.67:  50.9,191.8,180,box 1,8
3.67:  50.9,191.8,180,box 1,8
3.68:  50.9,191.8,180,box 1,8
3.68:  50.9,191.8,180,box 1,8
3.69:  50.9,191.8,180,box 1,8
3.69:  50.9,191.8,180,box 1,8
3.69:  50.9,191.8,180,box 1,8
3.7:  50.9,191.8,180,box 1,8
3.7:  50.9,191.8,180,box 1,8
3.7:  50.9,191.8,180,box 1,8
3.71:  50.9,191.8,180,box 1,8
3.71:  50.9,191.8,180,box 1,8
3.71:  50.9,191.8,180,box 1,8
3.72:  50.9,191.8,180,box 1,8
3.72:  50.9,191.8,180,box 1,8
3.72:  50.9,191.8,180,box 1,8
3.73:  50.9,191.8,180,box 1,8
3.73:  50.9,191.8,180,box 1,8
3.73:  50.9,191.8,180,box 1,8
3.74:  50.9,191.8,180,box 1,8
3.74:  50.9,191.8,180,box 1,8
3.74:  50.9,191.8,180,box 1,8
3.75:  50.9,191.8,180,box 1,8
3.75:  50.9,191.8,180,box 1,8
3.75:  50.9,191.8,180,box 1,8
3.76:  50.9,191.8,180,box 1,8
3.76:  50.9,191.8,180,box 1,8
3.76:  50.9,191.8,180,box 1,8
3.77:  50.9,191.8,180,box 1,8
3.77:  50.9,191.8,180,box 1,8
3.77:  50.9,191.8,180,box 1,8
3.78:  50.9,191.8,180,box 1,8
3.78:  50.9,191.8,180,box 1,8
3.78:  50.9,191.8,180,box 1,8
3.79:  50.9,191.8,180,box 1,8
3.79:  50.9,191.8,180,box 1,8
3.8:  50.9,191.8,180,box 1,8
3.8:  50.9,191.8,180,box 1,8
3.8:  50.9,191.8,180,box 1,8
3.81:  50.9,191.8,180,box 1,8
3.81:  50.9,191.8,180,box 1,8
3.81:  50.9,191.8,180,box 1,8
3.82:  50.9,191.8,180,box 1,8
3.82:  50.9,191.8,180,box 1,8
3.82:  50.9,191.8,180,box 1,8
3.83:  50.9,191.8,180,box 1,8
3.83:  50.9,191.8,180,box 1,8
3.84:  50.9,191.8,180,box 1,8
3.84:  50.9,191.8,180,box 1,8
3.84:  50.9,191.8,180,box 1,8
3.85:  50.9,191.8,180,box 1,8
3.85:  50.9,191.8,180,box 1,8
3.86:  50.9,191.8,180,box 1,8
3.86:  50.9,191.8,180,box 1,8
3.86:  50.9,191.8,180,box 1,8
3.87:  50.9,191.8,180,box 1,8
3.87:  50.9,191.8,180,box 1,8
3.87:  50.9,191.8,180,box 1,8
3.88:  50.9,191.8,180,box 1,8
3.88:  50.9,191.8,180,box 1,8
3.88:  50.9,191.8,180,box 1,8
3.89:  50.9,191.8,180,box 1,8
3.89:  50.9,191.8,180,box 1,8
3.89:  50.9,191.8,180,box 1,8
3.9:  50.9,191.8,180,box 1,8
3.9:  50.9,191.8,180,box 1,8
3.9:  50.9,191.8,180,box 1,8
3.91:  50.9,191.8,180,box 1,8
3.91:  50.9,191.8,180,box 1,8
3.91:  50.9,191.8,180,box 1,8
3.92:  50.9,191.8,180,box 1,8
3.92:  50.9,191.8,180,box 1,8
3.92:  50.9,191.8,180,box 1,8
3.93:  50.9,191.8,180,box 1,8
3.93:  50.9,191.8,180,box 1,8
3.93:  50.9,191.8,180,box 1,8
3.94:  50.9,191.8,180,box 1,8
3.94:  50.9,191.8,180,box 1,8
3.94:  50.9,191.8,180,box 1,8
3.95:  50.9,191.8,180,box 1,8
3.95:  50.9,191.8,180,box 1,8
3.96:  50.9,191.8,180,box 1,8
3.96:  50.9,191.8,180,box 1,8
3.96:  50.9,191.8,180,box 1,8
3.97:  50.9,191.8,180,box 1,8
3.97:  50.9,191.8,180,box 1,8
3.97:  50.9,191.8,180,box 1,8
3.98:  50.9,191.8,180,box 1,8
3.98:  50.9,191.8,180,box 1,8
3.98:  50.9,191.8,180,box 1,8
3.99:  50.9,191.8,180,box 1,8
3.99:  50.9,191.8,180,box 1,8
4:  50.9,191.8,180,box 1,8
4:  50.9,191.8,180,box 1,8
4:  50.9,191.8,180,box 1,8
4.01:  50.9,191.8,180,box 1,8
4.01:  50.9,191.8,180,box 1,8
4.02:  50.9,191.8,180,box 1,8
4.02:  50.9,191.8,180,box 1,8
4.02:  50.9,191.8,180,box 1,8
4.03:  50.9,191.8,180,box 1,8
4.03:  50.9,191.8,180,box 1,8
4.03:  50.9,191.8,180,box 1,8
4.04:  50.9,191.8,180,box 1,8
4.04:  50.9,191.8,180,box 1,8
4.05:  50.9,191.8,180,box 1,8
4.05:  50.9,191.8,180,box 1,8
4.05:  50.9,191.8,180,box 1,8
4.06:  50.9,191.8,180,box 1,8
4.06:  50.9,191.8,180,box 1,8
4.07:  50.9,191.8,180,box 1,8
4.07:  50.9,191.8,180,box 1,8
4.07:  50.9,191.8,180,box 1,8
4.08:  50.9,191.8,180,box 1,8
4.08:  50.9,191.8,180,box 1,8
4.08:  50.9,191.8,180,box 1,8
4.09:  50.9,191.8,180,box 1,8
4.09:  50.9,191.8,180,box 1,8
4.1:  50.9,191.8,180,box 1,8
4.1:  50.9,191.8,180,box 1,8
4.1:  50.9,191.8,180,box 1,8
4.11:  50.9,191.8,180,box 1,8
4.11:  50.9,191.8,180,box 1,8
4.12:  50.9,191.8,180,box 1,8
4.12:  50.9,191.8,180,box 1,8
4.12:  50.9,191.8,180,box 1,8
4.13:  50.9,191.8,180,box 1,8
4.13:  50.9,191.8,180,box 1,8
4.13:  50.9,191.8,180,box 1,8
4.14:  50.9,191.8,180,box 1,8
4.14:  50.9,191.8,180,box 1,8
4.14:  50.9,191.8,180,box 1,8
4.15:  50.9,191.8,180,box 1,8
4.15:  50.9,191.8,180,box 1,8
4.16:  50.9,191.8,180,box 1,8
4.16:  50.9,191.8,180,box 1,8
4.16:  50.9,191.8,180,box 1,8
4.17:  50.9,191.8,180,box 1,8
4.17:  50.9,191.8,180,box 1,8
4.17:  50.9,191.8,180,box 1,8
4.18:  50.9,191.8,180,box 1,8
4.18:  50.9,191.8,180,box 1,8
4.18:  50.9,191.8,180,box 1,8
4.19:  50.9,191.8,180,box 1,8
4.19:  50.9,191.8,180,box 1,8
4.19:  50.9,191.8,180,box 1,8
4.2:  50.9,191.8,180,box 1,8
4.2:  50.9,191.8,180,box 1,8
4.2:  50.9,191.8,180,box 1,8
4.21:  50.9,191.8,180,box 1,8
4.21:  50.9,191.8,180,box 1,8
4.21:  50.9,191.8,180,box 1,8
4.22:  50.9,191.8,180,box 1,8
4.22:  50.9,191.8,180,box 1,8
4.22:  50.9,191.8,180,box 1,8
4.23:  50.9,191.8,180,box 1,8
4.23:  50.9,191.8,180,box 1,8
4.23:  50.9,191.8,180,box 1,8
4.24:  50.9,191.8,180,box 1,8
4.24:  50.9,191.8,180,box 1,8
4.25:  50.9,191.8,180,box 1,8
4.25:  50.9,191.8,180,box 1,8
4.26:  50.9,191.8,180,box 1,8
4.26:  50.9,191.8,180,box 1,8
4.26:  50.9,191.8,180,box 1,8
4.27:  50.9,191.8,180,box 1,8
4.27:  50.9,191.8,180,box 1,8
4.27:  50.9,191.8,180,box 1,8
4.28:  50.9,191.8,180,box 1,8
4.28:  50.9,191.8,180,box 1,8
4.28:  50.9,191.8,180,box 1,8
4.29:  50.9,191.8,180,box 1,8
4.29:  50.9,191.8,180,box 1,8
4.29:  50.9,191.8,180,box 1,8
4.3:  50.9,191.8,180,box 1,8
4.3:  50.9,191.8,180,box 1,8
4.3:  50.9,191.8,180,box 1,8
4.31:  50.9,191.8,180,box 1,8
4.31:  50.9,191.8,180,box 1,8
4.31:  50.9,191.8,180,box 1,8
4.32:  50.9,191.8,180,box 1,8
4.32:  50.9,191.8,180,box 1,8
4.33:  50.9,191.8,180,box 1,8
4.33:  50.9,191.8,180,box 1,8
4.33:  50.9,191.8,180,box 1,8
4.34:  50.9,191.8,180,box 1,8
4.34:  50.9,191.8,180,box 1,8
4.34:  50.9,191.8,180,box 1,8
4.35:  50.9,191.8,180,box 1,8
4.35:  50.9,191.8,180,box 1,8
4.35:  50.9,191.8,180,box 1,8
4.36:  50.9,191.8,180,box 1,8
4.36:  50.9,191.8,180,box 1,8
4.36:  50.9,191.8,180,box 1,8
4.37:  50.9,191.8,180,box 1,8
4.37:  50.9,191.8,180,box 1,8
4.37:  50.9,191.8,180,box 1,8
4.38:  50.9,191.8,180,box 1,8
4.38:  50.9,191.8,180,box 1,8
4.38:  50.9,191.8,180,box 1,8
4.39:  50.9,191.8,180,box 1,8
4.39:  50.9,191.8,180,box 1,8
4.39:  50.9,191.8,180,box 1,8
4.4:  50.9,191.8,180,box 1,8
4.4:  50.9,191.8,180,box 1,8
4.41:  50.9,191.8,180,box 1,8
4.41:  50.9,191.8,180,box 1,8
4.41:  50.9,191.8,180,box 1,8
4.42:  50.9,191.8,180,box 1,8
4.42:  50.9,191.8,180,box 1,8
4.42:  50.9,191.8,180,box 1,8
4.43:  50.9,191.8,180,box 1,8
4.43:  50.9,191.8,180,box 1,8
4.43:  50.9,191.8,180,box 1,8
4.44:  50.9,191.8,180,box 1,8
4.44:  50.9,191.8,180,box 1,8
4.45:  50.9,191.8,180,box 1,8
4.45:  50.9,191.8,180,box 1,8
4.45:  50.9,191.8,180,box 1,8
4.46:  50.9,191.8,180,box 1,8
4.46:  50.9,191.8,180,box 1,8
4.47:  50.9,191.8,180,box 1,8
4.47:  50.9,191.8,180,box 1,8
4.47:  50.9,191.8,180,box 1,8
4.48:  50.9,191.8,180,box 1,8
4.48:  50.9,191.8,180,box 1,8
4.48:  50.9,191.8,180,box 1,8
4.49:  50.9,191.8,180,box 1,8
4.49:  50.9,191.8,180,box 1,8
4.49:  50.9,191.8,180,box 1,8
4.5:  50.9,191.8,180,box 1,8
4.5:  50.9,191.8,180,box 1,8
4.51:  50.9,191.8,180,box 1,8
4.51:  50.9,191.8,180,box 1,8
4.51:  50.9,191.8,180,box 1,8
4.52:  50.9,191.8,180,box 1,8
4.52:  50.9,191.8,180,box 1,8
4.52:  50.9,191.8,180,box 1,8
4.53:  50.9,191.8,180,box 1,8
4.53:  50.9,191.8,180,box 1,8
4.53:  50.9,191.8,180,box 1,8
4.54:  50.9,191.8,180,box 1,8
4.54:  50.9,191.8,180,box 1,8
4.54:  50.9,191.8,180,box 1,8
4.55:  50.9,191.8,180,box 1,8
4.55:  50.9,191.8,180,box 1,8
4.55:  50.9,191.8,180,box 1,8
4.56:  50.9,191.8,180,box 1,8
4.56:  50.9,191.8,180,box 1,8
4.56:  50.9,191.8,180,box 1,8
4.57:  50.9,191.8,180,box 1,8
4.57:  50.9,191.8,180,box 1,8
4.57:  50.9,191.8,180,box 1,8
4.58:  50.9,191.8,180,box 1,8
4.58:  50.9,191.8,180,box 1,8
4.58:  50.9,191.8,180,box 1,8
4.59:  50.9,191.8,180,box 1,8
4.59:  50.9,191.8,180,box 1,8
4.6:  50.9,191.8,180,box 1,8
4.6:  50.9,191.8,180,box 1,8
4.6:  50.9,191.8,180,box 1,8
4.61:  50.9,191.8,180,box 1,8
4.61:  50.9,191.8,180,box 1,8
4.61:  50.9,191.8,180,box 1,8
4.62:  50.9,191.8,180,box 1,8
4.62:  50.9,191.8,180,box 1,8
4.62:  50.9,191.8,180,box 1,8
4.63:  50.9,191.8,180,box 1,8
4.63:  50.9,191.8,180,box 1,8
4.63:  50.9,191.8,180,box 1,8
4.64:  50.9,191.8,180,box 1,8
4.64:  50.9,191.8,180,box 1,8
4.65:  50.9,191.8,180,box 1,8
4.65:  50.9,191.8,180,box 1,8
4.65:  50.9,191.8,180,box 1,8
4.66:  50.9,191.8,180,box 1,8
4.66:  50.9,191.8,180,box 1,8
4.66:  50.9,191.8,180,box 1,8
4.67:  50.9,191.8,180,box 1,8
4.67:  50.9,191.8,180,box 1,8
4.67:  50.9,191.8,180,box 1,8
4.68:  50.9,191.8,180,box 1,8
4.68:  50.9,191.8,180,box 1,8
4.68:  50.9,191.8,180,box 1,8
4.69:  50.9,191.8,180,box 1,8
4.69:  50.9,191.8,180,box 1,8
4.69:  50.9,191.8,180,box 1,8
4.7:  50.9,191.8,180,box 1,8
4.7:  50.9,191.8,180,box 1,8
4.71:  50.9,191.8,180,box 1,8
4.71:  50.9,191.8,180,box 1,8
4.71:  50.9,191.8,180,box 1,8
4.72:  50.9,191.8,180,box 1,8
4.72:  50.9,191.8,180,box 1,8
4.72:  50.9,191.8,180,box 1,8
4.73:  50.9,191.8,180,box 1,8
4.73:  50.9,191.8,180,box 1,8
4.73:  50.9,191.8,180,box 1,8
4.74:  50.9,191.8,180,box 1,8
4.74:  50.9,191.8,180,box 1,8
4.74:  50.9,191.8,180,box 1,8
4.75:  50.9,191.8,180,box 1,8
4.75:  50.9,191.8,180,box 1,8
4.75:  50.9,191.8,180,box 1,8
4.76:  50.9,191.8,180,box 1,8
4.76:  50.9,191.8,180,box 1,8
4.77:  50.9,191.8,180,box 1,8
4.77:  50.9,191.8,180,box 1,8
4.77:  50.9,191.8,180,box 1,8
4.78:  50.9,191.8,180,box 1,8
4.78:  50.9,191.8,180,box 1,8
4.78:  50.9,191.8,180,box 1,8
4.79:  50.9,191.8,180,box 1,8
4.79:  50.9,191.8,180,box 1,8
4.8:  50.9,191.8,180,box 1,8
4.8:  50.9,191.8,180,box 1,8
4.8:  50.9,191.8,180,box 1,8
4.81:  50.9,191.8,180,box 1,8
4.81:  50.9,191.8,180,box 1,8
4.81:  50.9,191.8,180,box 1,8
4.82:  50.9,191.8,180,box 1,8
4.82:  50.9,191.8,180,box 1,8
4.82:  50.9,191.8,180,box 1,8
4.83:  50.9,191.8,180,box 1,8
4.83:  50.9,191.8,180,box 1,8
4.83:  50.9,191.8,180,box 1,8
4.84:  50.9,191.8,180,box 1,8
4.84:  50.9,191.8,180,box 1,8
4.85:  50.9,191.8,180,box 1,8
4.85:  50.9,191.8,180,box 1,8
4.85:  50.9,191.8,180,box 1,8
4.86:  50.9,191.8,180,box 1,8
4.86:  50.9,191.8,180,box 1,8
4.86:  50.9,191.8,180,box 1,8
4.87:  50.9,191.8,180,box 1,8
4.87:  50.9,191.8,180,box 1,8
4.87:  50.9,191.8,180,box 1,8
4.88:  50.9,191.8,180,box 1,8
4.88:  50.9,191.8,180,box 1,8
4.88:  50.9,191.8,180,box 1,8
4.89:  50.9,191.8,180,box 1,8
4.89:  50.9,191.8,180,box 1,8
4.9:  50.9,191.8,180,box 1,8
4.9:  50.9,191.8,180,box 1,8
4.91:  50.9,191.8,180,box 1,8
4.91:  50.9,191.8,180,box 1,8
4.91:  50.9,191.8,180,box 1,8
4.92:  50.9,191.8,180,box 1,8
4.92:  50.9,191.8,180,box 1,8
4.92:  50.9,191.8,180,box 1,8
4.93:  50.9,191.8,180,box 1,8
4.93:  50.9,191.8,180,box 1,8
4.93:  50.9,191.8,180,box 1,8
4.94:  50.9,191.8,180,box 1,8
4.94:  50.9,191.8,180,box 1,8
4.94:  50.9,191.8,180,box 1,8
4.95:  50.9,191.8,180,box 1,8
4.95:  50.9,191.8,180,box 1,8
4.96:  50.9,191.8,180,box 1,8
4.96:  50.9,191.8,180,box 1,8
4.96:  50.9,191.8,180,box 1,8
4.97:  50.9,191.8,180,box 1,8
4.97:  50.9,191.8,180,box 1,8
4.97:  50.9,191.8,180,box 1,8
4.98:  50.9,191.8,180,box 1,8
4.98:  50.9,191.8,180,box 1,8
4.98:  50.9,191.8,180,box 1,8
4.99:  50.9,191.8,180,box 1,8
4.99:  50.9,191.8,180,box 1,8
4.99:  50.9,191.8,180,box 1,8
5:  50.9,191.8,180,box 1,8
5:  50.9,191.8,180,box 1,8
5:  50.9,191.8,180,box 1,8
5.01:  50.9,191.8,180,box 1,8
5.01:  50.9,191.8,180,box 1,8
5.01:  50.9,191.8,180,box 1,8
5.02:  50.9,191.8,180,box 1,8
5.02:  50.9,191.8,180,box 1,8
5.02:  50.9,191.8,180,box 1,8
5.03:  50.9,191.8,180,box 1,8
5.03:  50.9,191.8,180,box 1,8
5.03:  50.9,191.8,180,box 1,8
5.04:  50.9,191.8,180,box 1,8
5.05:  50.9,191.8,180,box 1,8
5.05:  50.9,191.8,180,box 1,8
5.05:  50.9,191.8,180,box 1,8
5.06:  50.9,191.8,180,box 1,8
5.06:  50.9,191.8,180,box 1,8
5.06:  50.9,191.8,180,box 1,8
5.07:  50.9,191.8,180,box 1,8
5.07:  50.9,191.8,180,box 1,8
5.07:  50.9,191.8,180,box 1,8
5.07:  50.9,191.8,180,box 1,8
5.08:  50.9,191.8,180,box 1,8
5.08:  50.9,191.8,180,box 1,8
5.08:  50.9,191.8,180,box 1,8
5.09:  50.9,191.8,180,box 1,8
5.09:  50.9,191.8,180,box 1,8
5.1:  50.9,191.8,180,box 1,8
5.1:  50.9,191.8,180,box 1,8
5.1:  50.9,191.8,180,box 1,8
5.11:  50.9,191.8,180,box 1,8
5.11:  50.9,191.8,180,box 1,8
5.11:  50.9,191.8,180,box 1,8
5.12:  50.9,191.8,180,box 1,8
5.12:  50.9,191.8,180,box 1,8
5.13:  50.9,191.8,180,box 1,8
5.13:  50.9,191.8,180,box 1,8
5.13:  50.9,191.8,180,box 1,8
5.14:  50.9,191.8,180,box 1,8
5.14:  50.9,191.8,180,box 1,8
5.14:  50.9,191.8,180,box 1,8
5.15:  50.9,191.8,180,box 1,8
5.15:  50.9,191.8,180,box 1,8
5.15:  50.9,191.8,180,box 1,8
5.16:  50.9,191.8,180,box 1,8
5.16:  50.9,191.8,180,box 1,8
5.16:  50.9,191.8,180,box 1,8
5.17:  50.9,191.8,180,box 1,8
5.17:  50.9,191.8,180,box 1,8
5.17:  50.9,191.8,180,box 1,8
5.18:  50.9,191.8,180,box 1,8
5.18:  50.9,191.8,180,box 1,8
5.19:  50.9,191.8,180,box 1,8
5.19:  50.9,191.8,180,box 1,8
5.19:  50.9,191.8,180,box 1,8
5.2:  50.9,191.8,180,box 1,8
5.2:  50.9,191.8,180,box 1,8
5.2:  50.9,191.8,180,box 1,8
5.21:  50.9,191.8,180,box 1,8
5.21:  50.9,191.8,180,box 1,8
5.21:  50.9,191.8,180,box 1,8
5.22:  50.9,191.8,180,box 1,8
5.22:  50.9,191.8,180,box 1,8
5.22:  50.9,191.8,180,box 1,8
5.23:  50.9,191.8,180,box 1,8
5.23:  50.9,191.8,180,box 1,8
5.23:  50.9,191.8,180,box 1,8
5.24:  50.9,191.8,180,box 1,8
5.24:  50.9,191.8,180,box 1,8
5.25:  50.9,191.8,180,box 1,8
5.25:  50.9,191.8,180,box 1,8
5.26:  50.9,191.8,180,box 1,8
5.26:  50.9,191.8,180,box 1,8
5.26:  50.9,191.8,180,box 1,8
5.27:  50.9,191.8,180,box 1,8
5.27:  50.9,191.8,180,box 1,8
5.27:  50.9,191.8,180,box 1,8
5.28:  50.9,191.8,180,box 1,8
5.28:  50.9,191.8,180,box 1,8
5.29:  50.9,191.8,180,box 1,8
5.29:  50.9,191.8,180,box 1,8
5.29:  50.9,191.8,180,box 1,8
5.3:  50.9,191.8,180,box 1,8
5.3:  50.9,191.8,180,box 1,8
5.31:  50.9,191.8,180,box 1,8
5.31:  50.9,191.8,180,box 1,8
5.31:  50.9,191.8,180,box 1,8
5.32:  50.9,191.8,180,box 1,8
5.32:  50.9,191.8,180,box 1,8
5.32:  50.9,191.8,180,box 1,8
5.33:  50.9,191.8,180,box 1,8
5.33:  50.9,191.8,180,box 1,8
5.33:  50.9,191.8,180,box 1,8
5.34:  50.9,191.8,180,box 1,8
5.34:  50.9,191.8,180,box 1,8
5.34:  50.9,191.8,180,box 1,8
5.35:  50.9,191.8,180,box 1,8
5.35:  50.9,191.8,180,box 1,8
5.35:  50.9,191.8,180,box 1,8
5.36:  50.9,191.8,180,box 1,8
5.36:  50.9,191.8,180,box 1,8
5.36:  50.9,191.8,180,box 1,8
5.37:  50.9,191.8,180,box 1,8
5.37:  50.9,191.8,180,box 1,8
5.37:  50.9,191.8,180,box 1,8
5.38:  50.9,191.8,180,box 1,8
5.38:  50.9,191.8,180,box 1,8
5.38:  50.9,191.8,180,box 1,8
5.39:  50.9,191.8,180,box 1,8
5.39:  50.9,191.8,180,box 1,8
5.4:  50.9,191.8,180,box 1,8
5.4:  50.9,191.8,180,box 1,8
5.4:  50.9,191.8,180,box 1,8
5.41:  50.9,191.8,180,box 1,8
5.41:  50.9,191.8,180,box 1,8
5.41:  50.9,191.8,180,box 1,8
5.42:  50.9,191.8,180,box 1,8
5.42:  50.9,191.8,180,box 1,8
5.42:  50.9,191.8,180,box 1,8
5.43:  50.9,191.8,180,box 1,8
5.43:  50.9,191.8,180,box 1,8
5.43:  50.9,191.8,180,box 1,8
5.44:  50.9,191.8,180,box 1,8
5.44:  50.9,191.8,180,box 1,8
5.44:  50.9,191.8,180,box 1,8
5.45:  50.9,191.8,180,box 1,8
5.45:  50.9,191.8,180,box 1,8
5.46:  50.9,191.8,180,box 1,8
5.46:  50.9,191.8,180,box 1,8
5.46:  50.9,191.8,180,box 1,8
5.47:  50.9,191.8,180,box 1,8
5.47:  50.9,191.8,180,box 1,8
5.48:  50.9,191.8,180,box 1,8
5.48:  50.9,191.8,180,box 1,8
5.48:  50.9,191.8,180,box 1,8
5.49:  50.9,191.8,180,box 1,8
5.49:  50.9,191.8,180,box 1,8
5.49:  50.9,191.8,180,box 1,8
5.5:  50.9,191.8,180,box 1,8
5.5:  50.9,191.8,180,box 1,8
5.5:  50.9,191.8,180,box 1,8
5.51:  50.9,191.8,180,box 1,8
5.51:  50.9,191.8,180,box 1,8
5.51:  50.9,191.8,180,box 1,8
5.52:  50.9,191.8,180,box 1,8
5.52:  50.9,191.8,180,box 1,8
5.53:  50.9,191.8,180,box 1,8
5.53:  50.9,191.8,180,box 1,8
5.53:  50.9,191.8,180,box 1,8
5.54:  50.9,191.8,180,box 1,8
5.54:  50.9,191.8,180,box 1,8
5.54:  50.9,191.8,180,box 1,8
5.55:  50.9,191.8,180,box 1,8
5.55:  50.9,191.8,180,box 1,8
5.55:  50.9,191.8,180,box 1,8
5.56:  50.9,191.8,180,box 1,8
5.56:  50.9,191.8,180,box 1,8
5.56:  50.9,191.8,180,box 1,8
5.57:  50.9,191.8,180,box 1,8
5.57:  50.9,191.8,180,box 1,8
5.57:  50.9,191.8,180,box 1,8
5.58:  50.9,191.8,180,box 1,8
5.58:  50.9,191.8,180,box 1,8
5.58:  50.9,191.8,180,box 1,8
5.59:  50.9,191.8,180,box 1,8
5.59:  50.9,191.8,180,box 1,8
5.59:  50.9,191.8,180,box 1,8
5.6:  50.9,191.8,180,box 1,8
5.6:  50.9,191.8,180,box 1,8
5.61:  50.9,191.8,180,box 1,8
5.61:  50.9,191.8,180,box 1,8
5.61:  50.9,191.8,180,box 1,8
5.62:  50.9,191.8,180,box 1,8
5.62:  50.9,191.8,180,box 1,8
5.63:  50.9,191.8,180,box 1,8
5.63:  50.9,191.8,180,box 1,8
5.63:  50.9,191.8,180,box 1,8
5.64:  50.9,191.8,180,box 1,8
5.64:  50.9,191.8,180,box 1,8
5.64:  50.9,191.8,180,box 1,8
5.65:  50.9,191.8,180,box 1,8
5.65:  50.9,191.8,180,box 1,8
5.66:  50.9,191.8,180,box 1,8
5.66:  50.9,191.8,180,box 1,8
5.66:  50.9,191.8,180,box 1,8
5.67:  50.9,191.8,180,box 1,8
5.67:  50.9,191.8,180,box 1,8
5.67:  50.9,191.8,180,box 1,8
5.68:  50.9,191.8,180,box 1,8
5.68:  50.9,191.8,180,box 1,8
5.69:  50.9,191.8,180,box 1,8
5.69:  50.9,191.8,180,box 1,8
5.69:  50.9,191.8,180,box 1,8
5.7:  50.9,191.8,180,box 1,8
5.7:  50.9,191.8,180,box 1,8
5.7:  50.9,191.8,180,box 1,8
5.71:  50.9,191.8,180,box 1,8
5.71:  50.9,191.8,180,box 1,8
5.71:  50.9,191.8,180,box 1,8
5.72:  50.9,191.8,180,box 1,8
5.72:  50.9,191.8,180,box 1,8
5.72:  50.9,191.8,180,box 1,8
5.73:  50.9,191.8,180,box 1,8
5.73:  50.9,191.8,180,box 1,8
5.73:  50.9,191.8,180,box 1,8
5.74:  50.9,191.8,180,box 1,8
5.74:  50.9,191.8,180,box 1,8
5.74:  50.9,191.8,180,box 1,8
5.75:  50.9,191.8,180,box 1,8
5.75:  50.9,191.8,180,box 1,8
5.75:  50.9,191.8,180,box 1,8
5.76:  50.9,191.8,180,box 1,8
5.76:  50.9,191.8,180,box 1,8
5.76:  50.9,191.8,180,box 1,8
5.77:  50.9,191.8,180,box 1,8
5.77:  50.9,191.8,180,box 1,8
5.77:  50.9,191.8,180,box 1,8
5.78:  50.9,191.8,180,box 1,8
5.78:  50.9,191.8,180,box 1,8
5.78:  50.9,191.8,180,box 1,8
5.79:  50.9,191.8,180,box 1,8
5.79:  50.9,191.8,180,box 1,8
5.79:  50.9,191.8,180,box 1,8
5.8:  50.9,191.8,180,box 1,8
5.8:  50.9,191.8,180,box 1,8
5.8:  50.9,191.8,180,box 1,8
5.81:  50.9,191.8,180,box 1,8
5.81:  50.9,191.8,180,box 1,8
5.82:  50.9,191.8,180,box 1,8
5.82:  50.9,191.8,180,box 1,8
5.82:  50.9,191.8,180,box 1,8
5.83:  50.9,191.8,180,box 1,8
5.83:  50.9,191.8,180,box 1,8
5.83:  50.9,191.8,180,box 1,8
5.84:  50.9,191.8,180,box 1,8
5.84:  50.9,191.8,180,box 1,8
5.84:  50.9,191.8,180,box 1,8
5.85:  50.9,191.8,180,box 1,8
5.85:  50.9,191.8,180,box 1,8
5.86:  50.9,191.8,180,box 1,8
5.86:  50.9,191.8,180,box 1,8
5.86:  50.9,191.8,180,box 1,8
5.87:  50.9,191.8,180,box 1,8
5.87:  50.9,191.8,180,box 1,8
5.87:  50.9,191.8,180,box 1,8
5.88:  50.9,191.8,180,box 1,8
5.88:  50.9,191.8,180,box 1,8
5.88:  50.9,191.8,180,box 1,8
5.89:  50.9,191.8,180,box 1,8
5.89:  50.9,191.8,180,box 1,8
5.89:  50.9,191.8,180,box 1,8
5.9:  50.9,191.8,180,box 1,8
5.9:  50.9,191.8,180,box 1,8
5.9:  50.9,191.8,180,box 1,8
5.91:  50.9,191.8,180,box 1,8
5.91:  50.9,191.8,180,box 1,8
5.91:  50.9,191.8,180,box 1,8
5.92:  50.9,191.8,180,box 1,8
5.92:  50.9,191.8,180,box 1,8
5.92:  50.9,191.8,180,box 1,8
5.93:  50.9,191.8,180,box 1,8
5.93:  50.9,191.8,180,box 1,8
5.93:  50.9,191.8,180,box 1,8
5.94:  50.9,191.8,180,box 1,8
5.94:  50.9,191.8,180,box 1,8
5.94:  50.9,191.8,180,box 1,8
5.95:  50.9,191.8,180,box 1,8
5.95:  50.9,191.8,180,box 1,8
5.95:  50.9,191.8,180,box 1,8
5.96:  50.9,191.8,180,box 1,8
5.96:  50.9,191.8,180,box 1,8
5.97:  50.9,191.8,180,box 1,8
5.97:  50.9,191.8,180,box 1,8
5.97:  50.9,191.8,180,box 1,8
5.98:  50.9,191.8,180,box 1,8
5.98:  50.9,191.8,180,box 1,8
5.98:  50.9,191.8,180,box 1,8
5.99:  50.9,191.8,180,box 1,8
5.99:  50.9,191.8,180,box 1,8
5.99:  50.9,191.8,180,box 1,8
6:  50.9,191.8,180,box 1,8
6:  50.9,191.8,180,box 1,8
6:  50.9,191.8,180,box 1,8
6.01:  50.9,191.8,180,box 1,8
6.01:  50.9,191.8,180,box 1,8
6.01:  50.9,191.8,180,box 1,8
6.02:  50.9,191.8,180,box 1,8
6.02:  50.9,191.8,180,box 1,8
6.02:  50.9,191.8,180,box 1,8
6.03:  50.9,191.8,180,box 1,8
6.03:  50.9,191.8,180,box 1,8
6.03:  50.9,191.8,180,box 1,8
6.04:  50.9,191.8,180,box 1,8
6.04:  50.9,191.8,180,box 1,8
6.05:  50.9,191.8,180,box 1,8
6.05:  50.9,191.8,180,box 1,8
6.06:  50.9,191.8,180,box 1,8
6.06:  50.9,191.8,180,box 1,8
6.06:  50.9,191.8,180,box 1,8
6.07:  50.9,191.8,180,box 1,8
6.07:  50.9,191.8,180,box 1,8
6.07:  50.9,191.8,180,box 1,8
6.08:  50.9,191.8,180,box 1,8
6.08:  50.9,191.8,180,box 1,8
6.08:  50.9,191.8,180,box 1,8
6.09:  50.9,191.8,180,box 1,8
6.09:  50.9,191.8,180,box 1,8
6.09:  50.9,191.8,180,box 1,8
6.1:  50.9,191.8,180,box 1,8
6.1:  50.9,191.8,180,box 1,8
6.1:  50.9,191.8,180,box 1,8
6.11:  50.9,191.8,180,box 1,8
6.11:  50.9,191.8,180,box 1,8
6.12:  50.9,191.8,180,box 1,8
6.12:  50.9,191.8,180,box 1,8
6.12:  50.9,191.8,180,box 1,8
6.13:  50.9,191.8,180,box 1,8
6.13:  50.9,191.8,180,box 1,8
6.13:  50.9,191.8,180,box 1,8
6.14:  50.9,191.8,180,box 1,8
6.14:  50.9,191.8,180,box 1,8
6.14:  50.9,191.8,180,box 1,8
6.15:  50.9,191.8,180,box 1,8
6.15:  50.9,191.8,180,box 1,8
6.15:  50.9,191.8,180,box 1,8
6.16:  50.9,191.8,180,box 1,8
6.16:  50.9,191.8,180,box 1,8
6.16:  50.9,191.8,180,box 1,8
6.17:  50.9,191.8,180,box 1,8
6.17:  50.9,191.8,180,box 1,8
6.17:  50.9,191.8,180,box 1,8
6.18:  50.9,191.8,180,box 1,8
6.18:  50.9,191.8,180,box 1,8
6.19:  50.9,191.8,180,box 1,8
6.19:  50.9,191.8,180,box 1,8
6.19:  50.9,191.8,180,box 1,8
6.2:  50.9,191.8,180,box 1,8
6.2:  50.9,191.8,180,box 1,8
6.2:  50.9,191.8,180,box 1,8
6.21:  50.9,191.8,180,box 1,8
6.21:  50.9,191.8,180,box 1,8
6.21:  50.9,191.8,180,box 1,8
6.22:  50.9,191.8,180,box 1,8
6.22:  50.9,191.8,180,box 1,8
6.22:  50.9,191.8,180,box 1,8
6.23:  50.9,191.8,180,box 1,8
6.23:  50.9,191.8,180,box 1,8
6.23:  50.9,191.8,180,box 1,8
6.24:  50.9,191.8,180,box 1,8
6.24:  50.9,191.8,180,box 1,8
6.25:  50.9,191.8,180,box 1,8
6.25:  50.9,191.8,180,box 1,8
6.26:  50.9,191.8,180,box 1,8
6.26:  50.9,191.8,180,box 1,8
6.26:  50.9,191.8,180,box 1,8
6.27:  50.9,191.8,180,box 1,8
6.27:  50.9,191.8,180,box 1,8
6.27:  50.9,191.8,180,box 1,8
6.28:  50.9,191.8,180,box 1,8
6.28:  50.9,191.8,180,box 1,8
6.28:  50.9,191.8,180,box 1,8
6.29:  50.9,191.8,180,box 1,8
6.29:  50.9,191.8,180,box 1,8
6.29:  50.9,191.8,180,box 1,8
6.3:  50.9,191.8,180,box 1,8
6.3:  50.9,191.8,180,box 1,8
6.3:  50.9,191.8,180,box 1,8
6.31:  50.9,191.8,180,box 1,8
6.31:  50.9,191.8,180,box 1,8
6.31:  50.9,191.8,180,box 1,8
6.32:  50.9,191.8,180,box 1,8
6.32:  50.9,191.8,180,box 1,8
6.33:  50.9,191.8,180,box 1,8
6.33:  50.9,191.8,180,box 1,8
6.33:  50.9,191.8,180,box 1,8
6.34:  50.9,191.8,180,box 1,8
6.34:  50.9,191.8,180,box 1,8
6.34:  50.9,191.8,180,box 1,8
6.35:  50.9,191.8,180,box 1,8
6.35:  50.9,191.8,180,box 1,8
6.35:  50.9,191.8,180,box 1,8
6.36:  50.9,191.8,180,box 1,8
6.36:  50.9,191.8,180,box 1,8
6.36:  50.9,191.8,180,box 1,8
6.37:  50.9,191.8,180,box 1,8
6.37:  50.9,191.8,180,box 1,8
6.37:  50.9,191.8,180,box 1,8
6.38:  50.9,191.8,180,box 1,8
6.38:  50.9,191.8,180,box 1,8
6.38:  50.9,191.8,180,box 1,8
6.39:  50.9,191.8,180,box 1,8
6.39:  50.9,191.8,180,box 1,8
6.39:  50.9,191.8,180,box 1,8
6.39:  50.9,191.8,180,box 1,8
6.4:  50.9,191.8,180,box 1,8
6.4:  50.9,191.8,180,box 1,8
6.4:  50.9,191.8,180,box 1,8
6.41:  50.9,191.8,180,box 1,8
6.41:  50.9,191.8,180,box 1,8
6.42:  50.9,191.8,180,box 1,8
6.42:  50.9,191.8,180,box 1,8
6.42:  50.9,191.8,180,box 1,8
6.43:  50.9,191.8,180,box 1,8
6.43:  50.9,191.8,180,box 1,8
6.43:  50.9,191.8,180,box 1,8
6.44:  50.9,191.8,180,box 1,8
6.44:  50.9,191.8,180,box 1,8
6.44:  50.9,191.8,180,box 1,8
6.45:  50.9,191.8,180,box 1,8
6.45:  50.9,191.8,180,box 1,8
6.46:  50.9,191.8,180,box 1,8
6.46:  50.9,191.8,180,box 1,8
6.46:  50.9,191.8,180,box 1,8
6.47:  50.9,191.8,180,box 1,8
6.47:  50.9,191.8,180,box 1,8
6.47:  50.9,191.8,180,box 1,8
6.48:  50.9,191.8,180,box 1,8
6.49:  50.9,191.8,180,box 1,8
6.49:  50.9,191.8,180,box 1,8
6.49:  50.9,191.8,180,box 1,8
6.5:  50.9,191.8,180,box 1,8
6.5:  50.9,191.8,180,box 1,8
6.5:  50.9,191.8,180,box 1,8
6.51:  50.9,191.8,180,box 1,8
6.51:  50.9,191.8,180,box 1,8
6.51:  50.9,191.8,180,box 1,8
6.52:  50.9,191.8,180,box 1,8
6.52:  50.9,191.8,180,box 1,8
6.52:  50.9,191.8,180,box 1,8
6.53:  50.9,191.8,180,box 1,8
6.53:  50.9,191.8,180,box 1,8
6.53:  50.9,191.8,180,box 1,8
6.54:  50.9,191.8,180,box 1,8
6.54:  50.9,191.8,180,box 1,8
6.55:  50.9,191.8,180,box 1,8
6.55:  50.9,191.8,180,box 1,8
6.55:  50.9,191.8,180,box 1,8
6.56:  50.9,191.8,180,box 1,8
6.56:  50.9,191.8,180,box 1,8
6.56:  50.9,191.8,180,box 1,8
6.57:  50.9,191.8,180,box 1,8
6.57:  50.9,191.8,180,box 1,8
6.57:  50.9,191.8,180,box 1,8
6.58:  50.9,191.8,180,box 1,8
6.58:  50.9,191.8,180,box 1,8
6.58:  50.9,191.8,180,box 1,8
6.59:  50.9,191.8,180,box 1,8
6.59:  50.9,191.8,180,box 1,8
6.59:  50.9,191.8,180,box 1,8
6.6:  50.9,191.8,180,box 1,8
6.6:  50.9,191.8,180,box 1,8
6.6:  50.9,191.8,180,box 1,8
6.61:  50.9,191.8,180,box 1,8
6.61:  50.9,191.8,180,box 1,8
6.61:  50.9,191.8,180,box 1,8
6.62:  50.9,191.8,180,box 1,8
6.62:  50.9,191.8,180,box 1,8
6.62:  50.9,191.8,180,box 1,8
6.63:  50.9,191.8,180,box 1,8
6.63:  50.9,191.8,180,box 1,8
6.63:  50.9,191.8,180,box 1,8
6.64:  50.9,191.8,180,box 1,8
6.64:  50.9,191.8,180,box 1,8
6.64:  50.9,191.8,180,box 1,8
6.65:  50.9,191.8,180,box 1,8
6.65:  50.9,191.8,180,box 1,8
6.66:  50.9,191.8,180,box 1,8
6.66:  50.9,191.8,180,box 1,8
6.66:  50.9,191.8,180,box 1,8
6.67:  50.9,191.8,180,box 1,8
6.67:  50.9,191.8,180,box 1,8
6.67:  50.9,191.8,180,box 1,8
6.68:  50.9,191.8,180,box 1,8
6.68:  50.9,191.8,180,box 1,8
6.68:  50.9,191.8,180,box 1,8
6.69:  50.9,191.8,180,box 1,8
6.69:  50.9,191.8,180,box 1,8
6.69:  50.9,191.8,180,box 1,8
6.7:  50.9,191.8,180,box 1,8
6.7:  50.9,191.8,180,box 1,8
6.7:  50.9,191.8,180,box 1,8
6.71:  50.9,191.8,180,box 1,8
6.71:  50.9,191.8,180,box 1,8
6.71:  50.9,191.8,180,box 1,8
6.72:  50.9,191.8,180,box 1,8
6.72:  50.9,191.8,180,box 1,8
6.73:  50.9,191.8,180,box 1,8
6.73:  50.9,191.8,180,box 1,8
6.73:  50.9,191.8,180,box 1,8
6.74:  50.9,191.8,180,box 1,8
6.74:  50.9,191.8,180,box 1,8
6.74:  50.9,191.8,180,box 1,8
6.75:  50.9,191.8,180,box 1,8
6.75:  50.9,191.8,180,box 1,8
6.75:  50.9,191.8,180,box 1,8
6.76:  50.9,191.8,180,box 1,8
6.76:  50.9,191.8,180,box 1,8
6.76:  50.9,191.8,180,box 1,8
6.77:  50.9,191.8,180,box 1,8
6.77:  50.9,191.8,180,box 1,8
6.78:  50.9,191.8,180,box 1,8
6.78:  50.9,191.8,180,box 1,8
6.78:  50.9,191.8,180,box 1,8
6.79:  50.9,191.8,180,box 1,8
6.79:  50.9,191.8,180,box 1,8
6.79:  50.9,191.8,180,box 1,8
6.79:  50.9,191.8,180,box 1,8
6.8:  50.9,191.8,180,box 1,8
6.8:  50.9,191.8,180,box 1,8
6.81:  50.9,191.8,180,box 1,8
6.81:  50.9,191.8,180,box 1,8
6.81:  50.9,191.8,180,box 1,8
6.82:  50.9,191.8,180,box 1,8
6.82:  50.9,191.8,180,box 1,8
6.82:  50.9,191.8,180,box 1,8
6.83:  50.9,191.8,180,box 1,8
6.83:  50.9,191.8,180,box 1,8
6.83:  50.9,191.8,180,box 1,8
6.84:  50.9,191.8,180,box 1,8
6.84:  50.9,191.8,180,box 1,8
6.85:  50.9,191.8,180,box 1,8
6.85:  50.9,191.8,180,box 1,8
6.85:  50.9,191.8,180,box 1,8
6.86:  50.9,191.8,180,box 1,8
6.86:  50.9,191.8,180,box 1,8
6.87:  50.9,191.8,180,box 1,8
6.87:  50.9,191.8,180,box 1,8
6.87:  50.9,191.8,180,box 1,8
6.88:  50.9,191.8,180,box 1,8
6.88:  50.9,191.8,180,box 1,8
6.88:  50.9,191.8,180,box 1,8
6.89:  50.9,191.8,180,box 1,8
6.89:  50.9,191.8,180,box 1,8
6.89:  50.9,191.8,180,box 1,8
6.9:  50.9,191.8,180,box 1,8
6.9:  50.9,191.8,180,box 1,8
6.9:  50.9,191.8,180,box 1,8
6.91:  50.9,191.8,180,box 1,8
6.91:  50.9,191.8,180,box 1,8
6.91:  50.9,191.8,180,box 1,8
6.92:  50.9,191.8,180,box 1,8
6.92:  50.9,191.8,180,box 1,8
6.92:  50.9,191.8,180,box 1,8
6.93:  50.9,191.8,180,box 1,8
6.93:  50.9,191.8,180,box 1,8
6.93:  50.9,191.8,180,box 1,8
6.94:  50.9,191.8,180,box 1,8
6.94:  50.9,191.8,180,box 1,8
6.94:  50.9,191.8,180,box 1,8
6.95:  50.9,191.8,180,box 1,8
6.95:  50.9,191.8,180,box 1,8
6.95:  50.9,191.8,180,box 1,8
6.96:  50.9,191.8,180,box 1,8
6.96:  50.9,191.8,180,box 1,8
6.96:  50.9,191.8,180,box 1,8
6.97:  50.9,191.8,180,box 1,8
6.97:  50.9,191.8,180,box 1,8
6.98:  50.9,191.8,180,box 1,8
6.98:  50.9,191.8,180,box 1,8
6.98:  50.9,191.8,180,box 1,8
6.99:  50.9,191.8,180,box 1,8
6.99:  50.9,191.8,180,box 1,8
6.99:  50.9,191.8,180,box 1,8
6.99:  50.9,191.8,180,box 1,8
7:  50.9,191.8,180,box 1,8
7:  50.9,191.8,180,box 1,8
7.01:  50.9,191.8,180,box 1,8
7.01:  50.9,191.8,180,box 1,8
7.01:  50.9,191.8,180,box 1,8
7.02:  50.9,191.8,180,box 1,8
7.02:  50.9,191.8,180,box 1,8
7.02:  50.9,191.8,180,box 1,8
7.03:  50.9,191.8,180,box 1,8
7.03:  50.9,191.8,180,box 1,8
7.03:  50.9,191.8,180,box 1,8
7.04:  50.9,191.8,180,box 1,8
7.04:  50.9,191.8,180,box 1,8
7.04:  50.9,191.8,180,box 1,8
7.05:  50.9,191.8,180,box 1,8
7.05:  50.9,191.8,180,box 1,8
7.05:  50.9,191.8,180,box 1,8
7.06:  50.9,191.8,180,box 1,8
7.06:  50.9,191.8,180,box 1,8
7.07:  50.9,191.8,180,box 1,8
7.07:  50.9,191.8,180,box 1,8
7.07:  50.9,191.8,180,box 1,8
7.08:  50.9,191.8,180,box 1,8
7.08:  50.9,191.8,180,box 1,8
7.08:  50.9,191.8,180,box 1,8
7.09:  50.9,191.8,180,box 1,8
7.09:  50.9,191.8,180,box 1,8
7.09:  50.9,191.8,180,box 1,8
7.1:  50.9,191.8,180,box 1,8
7.1:  50.9,191.8,180,box 1,8
7.1:  50.9,191.8,180,box 1,8
7.11:  50.9,191.8,180,box 1,8
7.11:  50.9,191.8,180,box 1,8
7.11:  50.9,191.8,180,box 1,8
7.12:  50.9,191.8,180,box 1,8
7.12:  50.9,191.8,180,box 1,8
7.12:  50.9,191.8,180,box 1,8
7.13:  50.9,191.8,180,box 1,8
7.13:  50.9,191.8,180,box 1,8
7.13:  50.9,191.8,180,box 1,8
7.14:  50.9,191.8,180,box 1,8
7.14:  50.9,191.8,180,box 1,8
7.14:  50.9,191.8,180,box 1,8
7.15:  50.9,191.8,180,box 1,8
7.15:  50.9,191.8,180,box 1,8
7.15:  50.9,191.8,180,box 1,8
7.16:  50.9,191.8,180,box 1,8
7.16:  50.9,191.8,180,box 1,8
7.17:  50.9,191.8,180,box 1,8
7.17:  50.9,191.8,180,box 1,8
7.17:  50.9,191.8,180,box 1,8
7.18:  50.9,191.8,180,box 1,8
7.18:  50.9,191.8,180,box 1,8
7.18:  50.9,191.8,180,box 1,8
7.19:  50.9,191.8,180,box 1,8
7.19:  50.9,191.8,180,box 1,8
7.19:  50.9,191.8,180,box 1,8
7.2:  50.9,191.8,180,box 1,8
7.2:  50.9,191.8,180,box 1,8
7.2:  50.9,191.8,180,box 1,8
7.21:  50.9,191.8,180,box 1,8
7.21:  50.9,191.8,180,box 1,8
7.21:  50.9,191.8,180,box 1,8
7.22:  50.9,191.8,180,box 1,8
7.22:  50.9,191.8,180,box 1,8
7.22:  50.9,191.8,180,box 1,8
7.23:  50.9,191.8,180,box 1,8
7.23:  50.9,191.8,180,box 1,8
7.23:  50.9,191.8,180,box 1,8
7.24:  50.9,191.8,180,box 1,8
7.24:  50.9,191.8,180,box 1,8
7.24:  50.9,191.8,180,box 1,8
7.25:  50.9,191.8,180,box 1,8
7.25:  50.9,191.8,180,box 1,8
7.26:  50.9,191.8,180,box 1,8
7.26:  50.9,191.8,180,box 1,8
7.27:  50.9,191.8,180,box 1,8
7.27:  50.9,191.8,180,box 1,8
7.27:  50.9,191.8,180,box 1,8
7.28:  50.9,191.8,180,box 1,8
7.28:  50.9,191.8,180,box 1,8
7.28:  50.9,191.8,180,box 1,8
7.29:  50.9,191.8,180,box 1,8
7.29:  50.9,191.8,180,box 1,8
7.29:  50.9,191.8,180,box 1,8
7.3:  50.9,191.8,180,box 1,8
7.3:  50.9,191.8,180,box 1,8
7.3:  50.9,191.8,180,box 1,8
7.31:  50.9,191.8,180,box 1,8
7.31:  50.9,191.8,180,box 1,8
7.31:  50.9,191.8,180,box 1,8
7.32:  50.9,191.8,180,box 1,8
7.32:  50.9,191.8,180,box 1,8
7.33:  50.9,191.8,180,box 1,8
7.33:  50.9,191.8,180,box 1,8
7.33:  50.9,191.8,180,box 1,8
7.34:  50.9,191.8,180,box 1,8
7.34:  50.9,191.8,180,box 1,8
7.34:  50.9,191.8,180,box 1,8
7.35:  50.9,191.8,180,box 1,8
7.35:  50.9,191.8,180,box 1,8
7.35:  50.9,191.8,180,box 1,8
7.36:  50.9,191.8,180,box 1,8
7.36:  50.9,191.8,180,box 1,8
7.36:  50.9,191.8,180,box 1,8
7.37:  50.9,191.8,180,box 1,8
7.37:  50.9,191.8,180,box 1,8
7.37:  50.9,191.8,180,box 1,8
7.38:  50.9,191.8,180,box 1,8
7.38:  50.9,191.8,180,box 1,8
7.38:  50.9,191.8,180,box 1,8
7.39:  50.9,191.8,180,box 1,8
7.39:  50.9,191.8,180,box 1,8
7.39:  50.9,191.8,180,box 1,8
7.4:  50.9,191.8,180,box 1,8
7.4:  50.9,191.8,180,box 1,8
7.4:  50.9,191.8,180,box 1,8
7.41:  50.9,191.8,180,box 1,8
7.41:  50.9,191.8,180,box 1,8
7.41:  50.9,191.8,180,box 1,8
7.42:  50.9,191.8,180,box 1,8
7.42:  50.9,191.8,180,box 1,8
7.42:  50.9,191.8,180,box 1,8
7.43:  50.9,191.8,180,box 1,8
7.43:  50.9,191.8,180,box 1,8
7.43:  50.9,191.8,180,box 1,8
7.44:  50.9,191.8,180,box 1,8
7.44:  50.9,191.8,180,box 1,8
7.44:  50.9,191.8,180,box 1,8
7.45:  50.9,191.8,180,box 1,8
7.45:  50.9,191.8,180,box 1,8
7.45:  50.9,191.8,180,box 1,8
7.46:  50.9,191.8,180,box 1,8
7.46:  50.9,191.8,180,box 1,8
7.47:  50.9,191.8,180,box 1,8
7.47:  50.9,191.8,180,box 1,8
7.47:  50.9,191.8,180,box 1,8
7.48:  50.9,191.8,180,box 1,8
7.48:  50.9,191.8,180,box 1,8
7.49:  50.9,191.8,180,box 1,8
7.49:  50.9,191.8,180,box 1,8
7.49:  50.9,191.8,180,box 1,8
7.5:  50.9,191.8,180,box 1,8
7.5:  50.9,191.8,180,box 1,8
7.5:  50.9,191.8,180,box 1,8
7.51:  50.9,191.8,180,box 1,8
7.51:  50.9,191.8,180,box 1,8
7.52:  50.9,191.8,180,box 1,8
7.52:  50.9,191.8,180,box 1,8
7.52:  50.9,191.8,180,box 1,8
7.53:  50.9,191.8,180,box 1,8
7.53:  50.9,191.8,180,box 1,8
7.54:  50.9,191.8,180,box 1,8
7.54:  50.9,191.8,180,box 1,8
7.54:  50.9,191.8,180,box 1,8
7.55:  50.9,191.8,180,box 1,8
7.55:  50.9,191.8,180,box 1,8
7.55:  50.9,191.8,180,box 1,8
7.56:  50.9,191.8,180,box 1,8
7.56:  50.9,191.8,180,box 1,8
7.56:  50.9,191.8,180,box 1,8
7.57:  50.9,191.8,180,box 1,8
7.57:  50.9,191.8,180,box 1,8
7.57:  50.9,191.8,180,box 1,8
7.58:  50.9,191.8,180,box 1,8
7.58:  50.9,191.8,180,box 1,8
7.59:  50.9,191.8,180,box 1,8
7.59:  50.9,191.8,180,box 1,8
7.59:  50.9,191.8,180,box 1,8
7.6:  50.9,191.8,180,box 1,8
7.6:  50.9,191.8,180,box 1,8
7.6:  50.9,191.8,180,box 1,8
7.61:  50.9,191.8,180,box 1,8
7.61:  50.9,191.8,180,box 1,8
7.61:  50.9,191.8,180,box 1,8
7.62:  50.9,191.8,180,box 1,8
7.62:  50.9,191.8,180,box 1,8
7.62:  50.9,191.8,180,box 1,8
7.63:  50.9,191.8,180,box 1,8
7.63:  50.9,191.8,180,box 1,8
7.63:  50.9,191.8,180,box 1,8
7.64:  50.9,191.8,180,box 1,8
7.64:  50.9,191.8,180,box 1,8
7.64:  50.9,191.8,180,box 1,8
7.65:  50.9,191.8,180,box 1,8
7.65:  50.9,191.8,180,box 1,8
7.65:  50.9,191.8,180,box 1,8
7.66:  50.9,191.8,180,box 1,8
7.66:  50.9,191.8,180,box 1,8
7.67:  50.9,191.8,180,box 1,8
7.68:  50.9,191.8,180,box 1,8
7.68:  50.9,191.8,180,box 1,8
7.68:  50.9,191.8,180,box 1,8
7.69:  50.9,191.8,180,box 1,8
7.69:  50.9,191.8,180,box 1,8
7.69:  50.9,191.8,180,box 1,8
7.7:  50.9,191.8,180,box 1,8
7.7:  50.9,191.8,180,box 1,8
7.7:  50.9,191.8,180,box 1,8
7.71:  50.9,191.8,180,box 1,8
7.71:  50.9,191.8,180,box 1,8
7.71:  50.9,191.8,180,box 1,8
7.72:  50.9,191.8,180,box 1,8
7.72:  50.9,191.8,180,box 1,8
7.73:  50.9,191.8,180,box 1,8
7.73:  50.9,191.8,180,box 1,8
7.73:  50.9,191.8,180,box 1,8
7.74:  50.9,191.8,180,box 1,8
7.74:  50.9,191.8,180,box 1,8
7.74:  50.9,191.8,180,box 1,8
7.75:  50.9,191.8,180,box 1,8
7.75:  50.9,191.8,180,box 1,8
7.75:  50.9,191.8,180,box 1,8
7.76:  50.9,191.8,180,box 1,8
7.76:  50.9,191.8,180,box 1,8
7.76:  50.9,191.8,180,box 1,8
7.77:  50.9,191.8,180,box 1,8
7.77:  50.9,191.8,180,box 1,8
7.77:  50.9,191.8,180,box 1,8
7.78:  50.9,191.8,180,box 1,8
7.78:  50.9,191.8,180,box 1,8
7.78:  50.9,191.8,180,box 1,8
7.79:  50.9,191.8,180,box 1,8
7.79:  50.9,191.8,180,box 1,8
7.79:  50.9,191.8,180,box 1,8
7.8:  50.9,191.8,180,box 1,8
7.8:  50.9,191.8,180,box 1,8
7.81:  50.9,191.8,180,box 1,8
7.81:  50.9,191.8,180,box 1,8
7.81:  50.9,191.8,180,box 1,8
7.82:  50.9,191.8,180,box 1,8
7.82:  50.9,191.8,180,box 1,8
7.82:  50.9,191.8,180,box 1,8
7.83:  50.9,191.8,180,box 1,8
7.83:  50.9,191.8,180,box 1,8
7.83:  50.9,191.8,180,box 1,8
7.84:  50.9,191.8,180,box 1,8
7.84:  50.9,191.8,180,box 1,8
7.84:  50.9,191.8,180,box 1,8
7.85:  50.9,191.8,180,box 1,8
7.85:  50.9,191.8,180,box 1,8
7.85:  50.9,191.8,180,box 1,8
7.86:  50.9,191.8,180,box 1,8
7.86:  50.9,191.8,180,box 1,8
7.86:  50.9,191.8,180,box 1,8
7.87:  50.9,191.8,180,box 1,8
7.87:  50.9,191.8,180,box 1,8
7.88:  50.9,191.8,180,box 1,8
7.88:  50.9,191.8,180,box 1,8
7.88:  50.9,191.8,180,box 1,8
7.89:  50.9,191.8,180,box 1,8
7.89:  50.9,191.8,180,box 1,8
7.89:  50.9,191.8,180,box 1,8
7.9:  50.9,191.8,180,box 1,8
7.9:  50.9,191.8,180,box 1,8
7.9:  50.9,191.8,180,box 1,8
7.91:  50.9,191.8,180,box 1,8
7.91:  50.9,191.8,180,box 1,8
7.91:  50.9,191.8,180,box 1,8
7.92:  50.9,191.8,180,box 1,8
7.92:  50.9,191.8,180,box 1,8
7.93:  50.9,191.8,180,box 1,8
7.93:  50.9,191.8,180,box 1,8
7.93:  50.9,191.8,180,box 1,8
7.94:  50.9,191.8,180,box 1,8
7.94:  50.9,191.8,180,box 1,8
7.94:  50.9,191.8,180,box 1,8
7.95:  50.9,191.8,180,box 1,8
7.95:  50.9,191.8,180,box 1,8
7.95:  50.9,191.8,180,box 1,8
7.96:  50.9,191.8,180,box 1,8
7.96:  50.9,191.8,180,box 1,8
7.96:  50.9,191.8,180,box 1,8
7.97:  50.9,191.8,180,box 1,8
7.97:  50.9,191.8,180,box 1,8
7.97:  50.9,191.8,180,box 1,8
7.98:  50.9,191.8,180,box 1,8
7.98:  50.9,191.8,180,box 1,8
7.98:  50.9,191.8,180,box 1,8
7.99:  50.9,191.8,180,box 1,8
7.99:  50.9,191.8,180,box 1,8
7.99:  50.9,191.8,180,box 1,8
8:  50.9,191.8,180,box 1,8
8:  50.9,191.8,180,box 1,8
8:  50.9,191.8,180,box 1,8
8.01:  50.9,191.8,180,box 1,8
8.01:  50.9,191.8,180,box 1,8
8.01:  50.9,191.8,180,box 1,8
8.02:  50.9,191.8,180,box 1,8
8.02:  50.9,191.8,180,box 1,8
8.02:  50.9,191.8,180,box 1,8
8.03:  50.9,191.8,180,box 1,8
8.03:  50.9,191.8,180,box 1,8
8.03:  50.9,191.8,180,box 1,8
8.04:  50.9,191.8,180,box 1,8
8.04:  50.9,191.8,180,box 1,8
8.05:  50.9,191.8,180,box 1,8
8.05:  50.9,191.8,180,box 1,8
8.05:  50.9,191.8,180,box 1,8
8.06:  50.9,191.8,180,box 1,8
8.06:  50.9,191.8,180,box 1,8
8.06:  50.9,191.8,180,box 1,8
8.07:  50.9,191.8,180,box 1,8
8.07:  50.9,191.8,180,box 1,8
8.08:  50.9,191.8,180,box 1,8
8.08:  50.9,191.8,180,box 1,8
8.08:  50.9,191.8,180,box 1,8
8.09:  50.9,191.8,180,box 1,8
8.09:  50.9,191.8,180,box 1,8
8.09:  50.9,191.8,180,box 1,8
8.1:  50.9,191.8,180,box 1,8
8.1:  50.9,191.8,180,box 1,8
8.11:  50.9,191.8,180,box 1,8
8.11:  50.9,191.8,180,box 1,8
8.11:  50.9,191.8,180,box 1,8
8.12:  50.9,191.8,180,box 1,8
8.12:  50.9,191.8,180,box 1,8
8.12:  50.9,191.8,180,box 1,8
8.13:  50.9,191.8,180,box 1,8
8.13:  50.9,191.8,180,box 1,8
8.13:  50.9,191.8,180,box 1,8
8.14:  50.9,191.8,180,box 1,8
8.14:  50.9,191.8,180,box 1,8
8.14:  50.9,191.8,180,box 1,8
8.15:  50.9,191.8,180,box 1,8
8.15:  50.9,191.8,180,box 1,8
8.15:  50.9,191.8,180,box 1,8
8.16:  50.9,191.8,180,box 1,8
8.16:  50.9,191.8,180,box 1,8
8.16:  50.9,191.8,180,box 1,8
8.17:  50.9,191.8,180,box 1,8
8.17:  50.9,191.8,180,box 1,8
8.17:  50.9,191.8,180,box 1,8
8.18:  50.9,191.8,180,box 1,8
8.18:  50.9,191.8,180,box 1,8
8.18:  50.9,191.8,180,box 1,8
8.19:  50.9,191.8,180,box 1,8
8.19:  50.9,191.8,180,box 1,8
8.2:  50.9,191.8,180,box 1,8
8.2:  50.9,191.8,180,box 1,8
8.2:  50.9,191.8,180,box 1,8
8.21:  50.9,191.8,180,box 1,8
8.21:  50.9,191.8,180,box 1,8
8.21:  50.9,191.8,180,box 1,8
8.22:  50.9,191.8,180,box 1,8
8.22:  50.9,191.8,180,box 1,8
8.22:  50.9,191.8,180,box 1,8
8.23:  50.9,191.8,180,box 1,8
8.23:  50.9,191.8,180,box 1,8
8.23:  50.9,191.8,180,box 1,8
8.24:  50.9,191.8,180,box 1,8
8.24:  50.9,191.8,180,box 1,8
8.24:  50.9,191.8,180,box 1,8
8.25:  50.9,191.8,180,box 1,8
8.25:  50.9,191.8,180,box 1,8
8.26:  50.9,191.8,180,box 1,8
8.26:  50.9,191.8,180,box 1,8
8.26:  50.9,191.8,180,box 1,8
8.27:  50.9,191.8,180,box 1,8
8.27:  50.9,191.8,180,box 1,8
8.28:  50.9,191.8,180,box 1,8
8.28:  50.9,191.8,180,box 1,8
8.28:  50.9,191.8,180,box 1,8
8.29:  50.9,191.8,180,box 1,8
8.29:  50.9,191.8,180,box 1,8
8.29:  50.9,191.8,180,box 1,8
8.3:  50.9,191.8,180,box 1,8
8.3:  50.9,191.8,180,box 1,8
8.3:  50.9,191.8,180,box 1,8
8.31:  50.9,191.8,180,box 1,8
8.31:  50.9,191.8,180,box 1,8
8.31:  50.9,191.8,180,box 1,8
8.32:  50.9,191.8,180,box 1,8
8.32:  50.9,191.8,180,box 1,8
8.33:  50.9,191.8,180,box 1,8
8.33:  50.9,191.8,180,box 1,8
8.33:  50.9,191.8,180,box 1,8
8.34:  50.9,191.8,180,box 1,8
8.34:  50.9,191.8,180,box 1,8
8.34:  50.9,191.8,180,box 1,8
8.35:  50.9,191.8,180,box 1,8
8.35:  50.9,191.8,180,box 1,8
8.35:  50.9,191.8,180,box 1,8
8.36:  50.9,191.8,180,box 1,8
8.36:  50.9,191.8,180,box 1,8
8.36:  50.9,191.8,180,box 1,8
8.37:  50.9,191.8,180,box 1,8
8.37:  50.9,191.8,180,box 1,8
8.37:  50.9,191.8,180,box 1,8
8.38:  50.9,191.8,180,box 1,8
8.38:  50.9,191.8,180,box 1,8
8.38:  50.9,191.8,180,box 1,8
8.39:  50.9,191.8,180,box 1,8
8.39:  50.9,191.8,180,box 1,8
8.39:  50.9,191.8,180,box 1,8
8.4:  50.9,191.8,180,box 1,8
8.4:  50.9,191.8,180,box 1,8
8.4:  50.9,191.8,180,box 1,8
8.41:  50.9,191.8,180,box 1,8
8.41:  50.9,191.8,180,box 1,8
8.41:  50.9,191.8,180,box 1,8
8.42:  50.9,191.8,180,box 1,8
8.42:  50.9,191.8,180,box 1,8
8.42:  50.9,191.8,180,box 1,8
8.43:  50.9,191.8,180,box 1,8
8.43:  50.9,191.8,180,box 1,8
8.43:  50.9,191.8,180,box 1,8
8.44:  50.9,191.8,180,box 1,8
8.44:  50.9,191.8,180,box 1,8
8.45:  50.9,191.8,180,box 1,8
8.45:  50.9,191.8,180,box 1,8
8.45:  50.9,191.8,180,box 1,8
8.46:  50.9,191.8,180,box 1,8
8.46:  50.9,191.8,180,box 1,8
8.46:  50.9,191.8,180,box 1,8
8.47:  50.9,191.8,180,box 1,8
8.47:  50.9,191.8,180,box 1,8
8.48:  50.9,191.8,180,box 1,8
8.48:  50.9,191.8,180,box 1,8
8.48:  50.9,191.8,180,box 1,8
8.49:  50.9,191.8,180,box 1,8
8.49:  50.9,191.8,180,box 1,8
8.49:  50.9,191.8,180,box 1,8
8.5:  50.9,191.8,180,box 1,8
8.5:  50.9,191.8,180,box 1,8
8.51:  50.9,191.8,180,box 1,8
8.51:  50.9,191.8,180,box 1,8
8.51:  50.9,191.8,180,box 1,8
8.52:  50.9,191.8,180,box 1,8
8.52:  50.9,191.8,180,box 1,8
8.52:  50.9,191.8,180,box 1,8
8.53:  50.9,191.8,180,box 1,8
8.53:  50.9,191.8,180,box 1,8
8.53:  50.9,191.8,180,box 1,8
8.54:  50.9,191.8,180,box 1,8
8.54:  50.9,191.8,180,box 1,8
8.54:  50.9,191.8,180,box 1,8
8.55:  50.9,191.8,180,box 1,8
8.55:  50.9,191.8,180,box 1,8
8.55:  50.9,191.8,180,box 1,8
8.56:  50.9,191.8,180,box 1,8
8.56:  50.9,191.8,180,box 1,8
8.57:  50.9,191.8,180,box 1,8
8.57:  50.9,191.8,180,box 1,8
8.57:  50.9,191.8,180,box 1,8
8.58:  50.9,191.8,180,box 1,8
8.58:  50.9,191.8,180,box 1,8
8.58:  50.9,191.8,180,box 1,8
8.59:  50.9,191.8,180,box 1,8
8.59:  50.9,191.8,180,box 1,8
8.59:  50.9,191.8,180,box 1,8
8.6:  50.9,191.8,180,box 1,8
8.6:  50.9,191.8,180,box 1,8
8.6:  50.9,191.8,180,box 1,8
8.61:  50.9,191.8,180,box 1,8
8.61:  50.9,191.8,180,box 1,8
8.61:  50.9,191.8,180,box 1,8
8.62:  50.9,191.8,180,box 1,8
8.62:  50.9,191.8,180,box 1,8
8.63:  50.9,191.8,180,box 1,8
8.63:  50.9,191.8,180,box 1,8
8.64:  50.9,191.8,180,box 1,8
8.64:  50.9,191.8,180,box 1,8
8.64:  50.9,191.8,180,box 1,8
8.65:  50.9,191.8,180,box 1,8
8.65:  50.9,191.8,180,box 1,8
8.66:  50.9,191.8,180,box 1,8
8.66:  50.9,191.8,180,box 1,8
8.66:  50.9,191.8,180,box 1,8
8.67:  50.9,191.8,180,box 1,8
8.67:  50.9,191.8,180,box 1,8
8.67:  50.9,191.8,180,box 1,8
8.68:  50.9,191.8,180,box 1,8
8.68:  50.9,191.8,180,box 1,8
8.69:  50.9,191.8,180,box 1,8
8.69:  50.9,191.8,180,box 1,8
8.69:  50.9,191.8,180,box 1,8
8.7:  50.9,191.8,180,box 1,8
8.7:  50.9,191.8,180,box 1,8
8.7:  50.9,191.8,180,box 1,8
8.71:  50.9,191.8,180,box 1,8
8.71:  50.9,191.8,180,box 1,8
8.71:  50.9,191.8,180,box 1,8
8.71:  50.9,191.8,180,box 1,8
8.72:  50.9,191.8,180,box 1,8
8.72:  50.9,191.8,180,box 1,8
8.72:  50.9,191.8,180,box 1,8
8.73:  50.9,191.8,180,box 1,8
8.73:  50.9,191.8,180,box 1,8
8.74:  50.9,191.8,180,box 1,8
8.74:  50.9,191.8,180,box 1,8
8.74:  50.9,191.8,180,box 1,8
8.75:  50.9,191.8,180,box 1,8
8.75:  50.9,191.8,180,box 1,8
8.75:  50.9,191.8,180,box 1,8
8.76:  50.9,191.8,180,box 1,8
8.76:  50.9,191.8,180,box 1,8
8.76:  50.9,191.8,180,box 1,8
8.77:  50.9,191.8,180,box 1,8
8.77:  50.9,191.8,180,box 1,8
8.77:  50.9,191.8,180,box 1,8
8.78:  50.9,191.8,180,box 1,8
8.78:  50.9,191.8,180,box 1,8
8.78:  50.9,191.8,180,box 1,8
8.79:  50.9,191.8,180,box 1,8
8.79:  50.9,191.8,180,box 1,8
8.79:  50.9,191.8,180,box 1,8
8.8:  50.9,191.8,180,box 1,8
8.8:  50.9,191.8,180,box 1,8
8.8:  50.9,191.8,180,box 1,8
8.81:  50.9,191.8,180,box 1,8
8.81:  50.9,191.8,180,box 1,8
8.81:  50.9,191.8,180,box 1,8
8.82:  50.9,191.8,180,box 1,8
8.82:  50.9,191.8,180,box 1,8
8.82:  50.9,191.8,180,box 1,8
8.83:  50.9,191.8,180,box 1,8
8.83:  50.9,191.8,180,box 1,8
8.84:  50.9,191.8,180,box 1,8
8.84:  50.9,191.8,180,box 1,8
8.84:  50.9,191.8,180,box 1,8
8.85:  50.9,191.8,180,box 1,8
8.85:  50.9,191.8,180,box 1,8
8.85:  50.9,191.8,180,box 1,8
8.86:  50.9,191.8,180,box 1,8
8.86:  50.9,191.8,180,box 1,8
8.86:  50.9,191.8,180,box 1,8
8.87:  50.9,191.8,180,box 1,8
8.87:  50.9,191.8,180,box 1,8
8.88:  50.9,191.8,180,box 1,8
8.88:  50.9,191.8,180,box 1,8
8.89:  50.9,191.8,180,box 1,8
8.89:  50.9,191.8,180,box 1,8
8.89:  50.9,191.8,180,box 1,8
8.9:  50.9,191.8,180,box 1,8
8.9:  50.9,191.8,180,box 1,8
8.9:  50.9,191.8,180,box 1,8
8.91:  50.9,191.8,180,box 1,8
8.91:  50.9,191.8,180,box 1,8
8.92:  50.9,191.8,180,box 1,8
8.92:  50.9,191.8,180,box 1,8
8.92:  50.9,191.8,180,box 1,8
8.93:  50.9,191.8,180,box 1,8
8.93:  50.9,191.8,180,box 1,8
8.93:  50.9,191.8,180,box 1,8
8.94:  50.9,191.8,180,box 1,8
8.94:  50.9,191.8,180,box 1,8
8.94:  50.9,191.8,180,box 1,8
8.95:  50.9,191.8,180,box 1,8
8.95:  50.9,191.8,180,box 1,8
8.95:  50.9,191.8,180,box 1,8
8.96:  50.9,191.8,180,box 1,8
8.96:  50.9,191.8,180,box 1,8
8.96:  50.9,191.8,180,box 1,8
8.97:  50.9,191.8,180,box 1,8
8.97:  50.9,191.8,180,box 1,8
8.97:  50.9,191.8,180,box 1,8
8.98:  50.9,191.8,180,box 1,8
8.98:  50.9,191.8,180,box 1,8
8.98:  50.9,191.8,180,box 1,8
8.99:  50.9,191.8,180,box 1,8
8.99:  50.9,191.8,180,box 1,8
8.99:  50.9,191.8,180,box 1,8
9:  50.9,191.8,180,box 1,8
9:  50.9,191.8,180,box 1,8
9:  50.9,191.8,180,box 1,8
9.01:  50.9,191.8,180,box 1,8
9.01:  50.9,191.8,180,box 1,8
9.01:  50.9,191.8,180,box 1,8
9.02:  50.9,191.8,180,box 1,8
9.02:  50.9,191.8,180,box 1,8
9.02:  50.9,191.8,180,box 1,8
9.03:  50.9,191.8,180,box 1,8
9.03:  50.9,191.8,180,box 1,8
9.04:  50.9,191.8,180,box 1,8
9.04:  50.9,191.8,180,box 1,8
9.04:  50.9,191.8,180,box 1,8
9.05:  50.9,191.8,180,box 1,8
9.05:  50.9,191.8,180,box 1,8
9.05:  50.9,191.8,180,box 1,8
9.06:  50.9,191.8,180,box 1,8
9.06:  50.9,191.8,180,box 1,8
9.06:  50.9,191.8,180,box 1,8
9.07:  50.9,191.8,180,box 1,8
9.07:  50.9,191.8,180,box 1,8
9.07:  50.9,191.8,180,box 1,8
9.08:  50.9,191.8,180,box 1,8
9.08:  50.9,191.8,180,box 1,8
9.09:  50.9,191.8,180,box 1,8
9.09:  50.9,191.8,180,box 1,8
9.09:  50.9,191.8,180,box 1,8
9.1:  50.9,191.8,180,box 1,8
9.1:  50.9,191.8,180,box 1,8
9.1:  50.9,191.8,180,box 1,8
9.11:  50.9,191.8,180,box 1,8
9.11:  50.9,191.8,180,box 1,8
9.11:  50.9,191.8,180,box 1,8
9.12:  50.9,191.8,180,box 1,8
9.12:  50.9,191.8,180,box 1,8
9.12:  50.9,191.8,180,box 1,8
9.13:  50.9,191.8,180,box 1,8
9.13:  50.9,191.8,180,box 1,8
9.13:  50.9,191.8,180,box 1,8
9.14:  50.9,191.8,180,box 1,8
9.14:  50.9,191.8,180,box 1,8
9.14:  50.9,191.8,180,box 1,8
9.15:  50.9,191.8,180,box 1,8
9.15:  50.9,191.8,180,box 1,8
9.15:  50.9,191.8,180,box 1,8
9.16:  50.9,191.8,180,box 1,8
9.16:  50.9,191.8,180,box 1,8
9.16:  50.9,191.8,180,box 1,8
9.17:  50.9,191.8,180,box 1,8
9.17:  50.9,191.8,180,box 1,8
9.17:  50.9,191.8,180,box 1,8
9.18:  50.9,191.8,180,box 1,8
9.18:  50.9,191.8,180,box 1,8
9.19:  50.9,191.8,180,box 1,8
9.19:  50.9,191.8,180,box 1,8
9.19:  50.9,191.8,180,box 1,8
9.2:  50.9,191.8,180,box 1,8
9.2:  50.9,191.8,180,box 1,8
9.2:  50.9,191.8,180,box 1,8
9.21:  50.9,191.8,180,box 1,8
9.21:  50.9,191.8,180,box 1,8
9.21:  50.9,191.8,180,box 1,8
9.22:  50.9,191.8,180,box 1,8
9.22:  50.9,191.8,180,box 1,8
9.22:  50.9,191.8,180,box 1,8
9.23:  50.9,191.8,180,box 1,8
9.23:  50.9,191.8,180,box 1,8
9.23:  50.9,191.8,180,box 1,8
9.24:  50.9,191.8,180,box 1,8
9.24:  50.9,191.8,180,box 1,8
9.24:  50.9,191.8,180,box 1,8
9.25:  50.9,191.8,180,box 1,8
9.25:  50.9,191.8,180,box 1,8
9.25:  50.9,191.8,180,box 1,8
9.26:  50.9,191.8,180,box 1,8
9.26:  50.9,191.8,180,box 1,8
9.27:  50.9,191.8,180,box 1,8
9.27:  50.9,191.8,180,box 1,8
9.27:  50.9,191.8,180,box 1,8
9.28:  50.9,191.8,180.8,box 1,8
9.28:  50.9,191.8,181.1,box 1,8
9.29:  50.9,191.8,181.1,box 1,8
9.29:  50.9,191.8,181.2,box 1,8
9.3:  50.9,191.8,181.2,box 1,8
9.3:  50.9,191.8,181.3,box 1,8
9.31:  50.9,191.8,181.3,box 1,8
9.31:  50.9,191.8,181.4,box 1,8
9.31:  50.9,191.8,181.4,box 1,8
9.32:  50.9,191.8,181.4,box 1,8
9.32:  50.9,191.8,181.4,box 1,8
9.32:  50.9,191.8,181.5,box 1,8
9.33:  50.9,191.8,181.5,box 1,8
9.33:  50.9,191.8,181.5,box 1,8
9.33:  50.9,191.8,181.5,box 1,8
9.34:  50.9,191.8,181.5,box 1,8
9.34:  50.9,191.8,181.5,box 1,8
9.35:  50.9,191.8,181.5,box 1,8
9.35:  50.9,191.8,181.5,box 1,8
9.35:  50.9,191.8,181.5,box 1,8
9.36:  50.9,191.8,181.5,box 1,8
9.36:  50.9,191.8,181.5,box 1,8
9.36:  50.9,191.8,181.5,box 1,8
9.37:  50.9,191.8,181.5,box 1,8
9.37:  50.9,191.8,181.5,box 1,8
9.37:  50.9,191.8,181.5,box 1,8
9.38:  50.9,191.8,181.5,box 1,8
9.38:  50.9,191.8,181.5,box 1,8
9.38:  50.9,191.8,181.5,box 1,8
9.39:  50.9,191.8,181.5,box 1,8
9.39:  50.9,191.8,181.5,box 1,8
9.39:  50.9,191.8,181.5,box 1,8
9.4:  50.9,191.8,181.5,box 1,8
9.4:  50.9,191.8,181.5,box 1,8
9.4:  50.9,191.8,181.5,box 1,8
9.41:  50.9,191.8,181.5,box 1,8
9.41:  50.9,191.8,181.5,box 1,8
9.42:  50.9,191.8,181.5,box 1,8
9.42:  50.9,191.8,181.5,box 1,8
9.42:  50.9,191.8,181.5,box 1,8
9.43:  50.9,191.8,181.5,box 1,8
9.43:  50.9,191.8,181.5,box 1,8
9.44:  50.9,191.8,181.5,box 1,8
9.44:  50.9,191.8,181.5,box 1,8
9.44:  50.9,191.8,181.5,box 1,8
9.45:  50.9,191.8,181.5,box 1,8
9.45:  50.9,191.8,181.5,box 1,8
9.45:  50.9,191.8,181.5,box 1,8
9.46:  50.9,191.8,181.5,box 1,8
9.46:  50.9,191.8,181.5,box 1,8
9.46:  50.9,191.8,181.5,box 1,8
9.47:  50.9,191.8,181.5,box 1,8
9.47:  50.9,191.8,181.5,box 1,8
9.47:  50.9,191.8,181.5,box 1,8
9.48:  50.9,191.8,181.6,box 1,8
9.49:  50.9,191.8,183.6,box 1,8
9.49:  50.9,191.8,186.2,box 1,8
9.5:  50.9,191.8,186.2,box 1,8
9.5:  50.9,191.8,189.1,box 1,8
9.5:  50.9,191.8,189.1,box 1,8
9.51:  50.9,191.8,192.1,box 1,8
9.51:  50.9,191.8,192.1,box 1,8
9.52:  50.9,191.8,194.2,box 1,8
9.52:  50.9,191.8,194.2,box 1,8
9.52:  50.9,191.8,195,box 1,8
9.53:  50.9,191.8,195,box 1,8
9.53:  50.9,191.8,195.1,box 1,8
9.54:  50.9,191.8,195.1,box 1,8
9.54:  50.9,191.8,194.7,box 1,8
9.54:  50.9,191.8,194.7,box 1,8
9.55:  50.9,191.8,193.8,box 1,8
9.55:  50.9,191.8,193.8,box 1,8
9.56:  50.9,191.8,192.7,box 1,8
9.56:  50.9,191.8,192.7,box 1,8
9.56:  50.9,191.8,191.5,box 1,8
9.57:  50.9,191.8,191.5,box 1,8
9.57:  50.9,191.8,190.6,box 1,8
9.58:  50.9,191.8,190.6,box 1,8
9.58:  50.9,191.8,190,box 1,8
9.58:  50.9,191.8,190,box 1,8
9.59:  50.9,191.8,190,box 1,8
9.59:  50.9,191.8,189.9,box 1,8
9.59:  50.9,191.8,189.9,box 1,8
9.6:  50.9,191.8,189.9,box 1,8
9.6:  50.9,191.8,189.9,box 1,8
9.6:  50.9,191.8,189.9,box 1,8
9.61:  50.9,191.8,189.9,box 1,8
9.61:  50.9,191.8,189.9,box 1,8
9.61:  50.9,191.8,189.9,box 1,8
9.62:  50.9,191.8,189.9,box 1,8
9.62:  50.9,191.8,189.9,box 1,8
9.62:  50.9,191.8,189.9,box 1,8
9.62:  50.9,191.8,189.9,box 1,8
9.63:  50.9,191.8,189.9,box 1,8
9.63:  50.9,191.8,189.9,box 1,8
9.64:  50.9,191.8,189.9,box 1,8
9.64:  50.9,191.8,189.9,box 1,8
9.64:  50.9,191.8,189.9,box 1,8
9.65:  50.9,191.8,189.9,box 1,8
9.65:  50.9,191.8,189.9,box 1,8
9.65:  50.9,191.8,189.9,box 1,8
9.66:  50.9,191.8,189.9,box 1,8
9.66:  50.9,191.8,189.9,box 1,8
9.66:  50.9,191.8,189.9,box 1,8
9.67:  50.9,191.8,189.9,box 1,8
9.67:  50.9,191.8,189.9,box 1,8
9.67:  50.9,191.8,189.9,box 1,8
9.67:  50.9,191.8,189.9,box 1,8
9.68:  50.9,191.8,189.9,box 1,8
9.68:  50.9,191.8,189.9,box 1,8
9.69:  50.9,191.8,189.9,box 1,8
9.69:  50.9,191.8,189.9,box 1,8
9.69:  50.9,191.8,189.9,box 1,8
9.7:  50.9,191.8,189.9,box 1,8
9.7:  50.9,191.8,189.9,box 1,8
9.7:  50.9,191.8,189.9,box 1,8
9.71:  50.9,191.8,189.9,box 1,8
9.71:  50.9,191.8,189.9,box 1,8
9.71:  50.9,191.8,189.9,box 1,8
9.72:  50.9,191.8,189.9,box 1,8
9.72:  50.9,191.8,189.9,box 1,8
9.72:  50.9,191.8,189.9,box 1,8
9.73:  50.9,191.8,189.9,box 1,8
9.73:  50.9,191.8,189.9,box 1,8
9.74:  50.9,191.8,189.9,box 1,8
9.74:  50.9,191.8,189.9,box 1,8
9.74:  50.9,191.8,189.9,box 1,8
9.75:  50.9,191.8,189.9,box 1,8
9.75:  50.9,191.8,189.9,box 1,8
9.75:  50.9,191.8,189.9,box 1,8
9.76:  50.9,191.8,189.9,box 1,8
9.76:  50.9,191.8,189.9,box 1,8
9.76:  50.9,191.8,189.9,box 1,8
9.76:  50.9,191.8,189.9,box 1,8
9.77:  50.9,191.8,189.9,box 1,8
9.77:  50.9,191.8,189.9,box 1,8
9.77:  50.9,191.8,189.9,box 1,8
9.78:  50.9,191.8,189.9,box 1,8
9.78:  50.9,191.8,189.9,box 1,8
9.79:  50.9,191.8,189.9,box 1,8
9.79:  50.9,191.8,189.9,box 1,8
9.79:  50.9,191.8,189.9,box 1,8
9.8:  50.9,191.8,189.9,box 1,8
9.8:  50.9,191.8,189.9,box 1,8
9.8:  50.9,191.8,189.9,box 1,8
9.81:  50.9,191.8,189.9,box 1,8
9.81:  50.9,191.8,189.9,box 1,8
9.81:  50.9,191.8,189.9,box 1,8
9.81:  50.9,191.8,189.9,box 1,8
9.82:  50.9,191.8,189.9,box 1,8
9.82:  50.9,191.8,188.6,box 1,8
9.82:  50.9,191.8,188.6,box 1,8
9.83:  50.9,191.8,186.4,box 1,8
9.83:  50.9,191.8,186.4,box 1,8
9.84:  50.9,191.8,183.8,box 1,8
9.84:  50.9,191.8,183.8,box 1,8
9.84:  50.9,191.8,181.6,box 1,8
9.85:  50.9,191.8,181.6,box 1,8
9.85:  50.9,191.8,179.9,box 1,8
9.85:  50.9,191.8,179.9,box 1,8
9.86:  50.9,191.8,179.9,box 1,8
9.86:  50.9,191.8,178.8,box 1,8
9.87:  50.9,191.8,178.8,box 1,8
9.87:  50.9,191.8,178.3,box 1,8
9.87:  50.9,191.8,178.3,box 1,8
9.88:  50.9,191.8,177.9,box 1,8
9.88:  50.9,191.8,177.9,box 1,8
9.88:  50.9,191.8,177.4,box 1,8
9.89:  50.9,191.8,177,box 1,8
9.89:  50.9,191.8,177,box 1,8
9.9:  50.9,191.8,177,box 1,8
9.9:  50.9,191.8,176.7,box 1,8
9.91:  50.9,191.8,176.7,box 1,8
9.91:  50.9,191.8,176.4,box 1,8
9.91:  50.9,191.8,176.4,box 1,8
9.92:  50.9,191.8,176.4,box 1,8
9.92:  50.9,191.8,176.4,box 1,8
9.93:  50.9,191.8,176.3,box 1,8
9.93:  50.9,191.8,176.3,box 1,8
9.93:  50.9,191.8,176.3,box 1,8
9.94:  50.9,191.8,176.3,box 1,8
9.94:  50.9,191.8,176.3,box 1,8
9.94:  50.9,191.8,176.3,box 1,8
9.95:  50.9,191.8,176.3,box 1,8
9.95:  50.9,191.8,176.3,box 1,8
9.96:  50.9,191.8,176.3,box 1,8
9.96:  50.9,191.8,176.3,box 1,8
9.96:  50.9,191.8,176.3,box 1,8
9.97:  50.9,191.8,176.3,box 1,8
9.97:  50.9,191.8,176.3,box 1,8
9.97:  50.9,191.8,176.3,box 1,8
9.97:  50.9,191.8,176.3,box 1,8
9.98:  50.9,191.8,176.3,box 1,8
9.98:  50.9,191.8,176.3,box 1,8
9.98:  50.9,191.8,176.3,box 1,8
9.99:  50.9,191.8,176.3,box 1,8
9.99:  50.9,191.8,176.3,box 1,8
9.99:  50.9,191.8,176.3,box 1,8
10:  50.9,191.8,176.3,box 1,8
10:  50.9,191.8,176.3,box 1,8
10:  50.9,191.8,176.3,box 1,8
10:  50.9,191.8,176.3,box 1,8
10.01:  50.9,191.8,176.3,box 1,8
10.01:  50.9,191.8,176.3,box 1,8
10.01:  50.9,191.8,176.3,box 1,8
10.02:  50.9,191.8,176.3,box 1,8
10.02:  50.9,191.8,176.3,box 1,8
10.02:  50.9,191.8,176.3,box 1,8
10.03:  50.9,191.8,176.3,box 1,8
10.03:  50.9,191.8,176.3,box 1,8
10.03:  50.9,191.8,176.3,box 1,8
10.04:  50.9,191.8,176.2,box 1,8
10.04:  50.9,191.8,176.2,box 1,8
10.04:  50.9,191.8,176.2,box 1,8
10.05:  50.9,191.8,175.6,box 1,8
10.05:  50.9,191.8,175.6,box 1,8
10.05:  50.9,191.8,175.2,box 1,8
10.06:  50.9,191.8,175.2,box 1,8
10.06:  50.9,191.8,174.9,box 1,8
10.07:  50.9,191.8,174.9,box 1,8
10.07:  50.9,191.8,174.7,box 1,8
10.08:  50.9,191.8,174.7,box 1,8
10.08:  50.9,191.8,174.7,box 1,8
10.08:  50.9,191.8,174.6,box 1,8
10.09:  50.9,191.8,174.6,box 1,8
10.09:  50.9,191.8,174.6,box 1,8
10.1:  50.9,191.8,174.6,box 1,8
10.1:  50.9,191.8,174.6,box 1,8
10.11:  50.9,191.8,174.6,box 1,8
10.11:  50.9,191.8,174.6,box 1,8
10.11:  50.9,191.8,174.6,box 1,8
10.12:  50.9,191.8,174.5,box 1,8
10.12:  50.9,191.8,174.5,box 1,8
10.12:  50.9,191.8,174.5,box 1,8
10.13:  50.9,191.8,174.5,box 1,8
10.13:  50.9,191.8,174.4,box 1,8
10.14:  50.9,191.8,174.4,box 1,8
10.14:  50.9,191.8,174.4,box 1,8
10.14:  50.9,191.8,174.4,box 1,8
10.15:  50.9,191.8,174.4,box 1,8
10.15:  50.9,191.8,174.4,box 1,8
10.15:  50.9,191.8,174.4,box 1,8
10.16:  50.9,191.8,174.3,box 1,8
10.16:  50.9,191.8,174.3,box 1,8
10.16:  50.9,191.8,174.3,box 1,8
10.17:  50.9,191.8,174.3,box 1,8
10.17:  50.9,191.8,174.3,box 1,8
10.17:  50.9,191.8,174.3,box 1,8
10.18:  50.9,191.8,174.3,box 1,8
10.18:  50.9,191.8,174.3,box 1,8
10.18:  50.9,191.8,174.3,box 1,8
10.19:  50.9,191.8,174.4,box 1,8
10.19:  50.9,191.8,174.4,box 1,8
10.19:  50.9,191.8,174.4,box 1,8
10.2:  50.9,191.8,174.4,box 1,8
10.2:  50.9,191.8,174.4,box 1,8
10.2:  50.9,191.8,174.5,box 1,8
10.21:  50.9,191.8,174.5,box 1,8
10.21:  50.9,191.8,174.5,box 1,8
10.21:  50.9,191.8,174.5,box 1,8
10.22:  50.9,191.8,174.5,box 1,8
10.22:  50.9,191.8,174.5,box 1,8
10.22:  50.9,191.8,174.5,box 1,8
10.22:  50.9,191.8,174.5,box 1,8
10.23:  50.9,191.8,174.5,box 1,8
10.23:  50.9,191.8,174.5,box 1,8
10.23:  50.9,191.8,174.5,box 1,8
10.24:  50.9,191.8,174.5,box 1,8
10.24:  50.9,191.8,174.5,box 1,8
10.24:  50.9,191.8,174.5,box 1,8
10.24:  50.9,191.8,174.5,box 1,8
10.25:  50.9,191.8,174.5,box 1,8
10.25:  50.9,191.8,174.5,box 1,8
10.25:  50.9,191.8,174.4,box 1,8
10.26:  50.9,191.8,174.4,box 1,8
10.26:  50.9,191.8,174.3,box 1,8
10.26:  50.9,191.8,174.3,box 1,8
10.27:  50.9,191.8,174.3,box 1,8
10.27:  50.9,191.8,174.3,box 1,8
10.27:  50.9,191.8,174.3,box 1,8
10.28:  50.9,191.8,174.2,box 1,8
10.28:  50.9,191.8,174.2,box 1,8
10.28:  50.9,191.8,174.2,box 1,8
10.28:  50.9,191.8,174.2,box 1,8
10.29:  50.9,191.8,174.2,box 1,8
10.29:  50.9,191.8,174.1,box 1,8
10.29:  50.9,191.8,174.1,box 1,8
10.3:  50.9,191.8,174.1,box 1,8
10.3:  50.9,191.8,174.1,box 1,8
10.3:  50.9,191.8,174.1,box 1,8
10.3:  50.9,191.8,174.1,box 1,8
10.31:  50.9,191.8,174.1,box 1,8
10.31:  50.9,191.8,174.1,box 1,8
10.31:  50.9,191.8,174.1,box 1,8
10.32:  50.9,191.8,174,box 1,8
10.32:  50.9,191.8,174,box 1,8
10.32:  50.9,191.8,174,box 1,8
10.32:  50.9,191.8,174,box 1,8
10.33:  50.9,191.8,174,box 1,8
10.33:  50.9,191.8,174,box 1,8
10.33:  50.9,191.8,173.9,box 1,8
10.34:  50.9,191.8,173.9,box 1,8
10.34:  50.9,191.8,173.9,box 1,8
10.34:  50.9,191.8,173.9,box 1,8
10.35:  50.9,191.8,173.9,box 1,8
10.35:  50.9,191.8,173.9,box 1,8
10.36:  50.9,191.8,173.9,box 1,8
10.36:  50.9,191.8,173.9,box 1,8
10.36:  50.9,191.8,173.9,box 1,8
10.37:  50.9,191.8,173.9,box 1,8
10.37:  50.9,191.8,173.9,box 1,8
10.37:  50.9,191.8,173.8,box 1,8
10.37:  50.9,191.8,173.8,box 1,8
10.38:  50.9,191.8,173.8,box 1,8
10.38:  50.9,191.8,173.8,box 1,8
10.38:  50.9,191.8,173.8,box 1,8
10.38:  50.9,191.8,173.8,box 1,8
10.39:  50.9,191.8,173.8,box 1,8
10.39:  50.9,191.8,173.8,box 1,8
10.39:  50.9,191.8,173.8,box 1,8
10.4:  50.9,191.8,173.8,box 1,8
10.4:  50.9,191.8,173.8,box 1,8
10.4:  50.9,191.8,173.8,box 1,8
10.4:  50.9,191.8,173.8,box 1,8
10.41:  50.9,191.8,173.8,box 1,8
10.41:  50.9,191.8,173.8,box 1,8
10.41:  50.9,191.8,173.8,box 1,8
10.41:  50.9,191.8,173.8,box 1,8
10.42:  50.9,191.8,173.8,box 1,8
10.42:  50.9,191.8,173.8,box 1,8
10.42:  50.9,191.8,173.8,box 1,8
10.42:  50.9,191.8,173.8,box 1,8
10.43:  50.9,191.8,173.8,box 1,8
10.43:  50.9,191.8,173.7,box 1,8
10.43:  50.9,191.8,173.7,box 1,8
10.43:  50.9,191.8,173.7,box 1,8
10.44:  50.9,191.8,173.7,box 1,8
10.44:  50.9,191.8,173.7,box 1,8
10.44:  50.9,191.8,173.7,box 1,8
10.44:  50.9,191.8,173.7,box 1,8
10.45:  50.9,191.8,173.7,box 1,8
10.45:  50.9,191.8,173.7,box 1,8
10.45:  50.9,191.8,173.7,box 1,8
10.45:  50.9,191.8,173.7,box 1,8
10.46:  50.9,191.8,173.7,box 1,8
10.46:  50.9,191.8,173.7,box 1,8
10.46:  50.9,191.8,173.7,box 1,8
10.46:  50.9,191.8,173.7,box 1,8
10.47:  50.9,191.8,173.6,box 1,8
10.47:  50.9,191.8,173.6,box 1,8
10.47:  50.9,191.8,173.6,box 1,8
10.47:  50.9,191.8,173.5,box 1,8
10.48:  50.9,191.8,173.5,box 1,8
10.48:  50.9,191.8,173.5,box 1,8
10.48:  50.9,191.8,173.4,box 1,8
10.49:  50.9,191.8,173.4,box 1,8
10.49:  50.9,191.8,173.4,box 1,8
10.5:  50.9,191.8,173.3,box 1,8
10.5:  50.9,191.8,173.2,box 1,8
10.5:  50.9,191.8,173.2,box 1,8
10.51:  50.9,191.8,173,box 1,8
10.51:  50.9,191.8,173,box 1,8
10.52:  50.9,191.8,172.8,box 1,8
10.52:  50.9,191.8,172.8,box 1,8
10.52:  50.9,191.8,172.4,box 1,8
10.53:  50.9,191.8,172.4,box 1,8
10.53:  50.9,191.8,172.1,box 1,8
10.53:  50.9,191.8,172.1,box 1,8
10.54:  50.9,191.8,172.1,box 1,8
10.54:  50.9,191.8,172,box 1,8
10.54:  50.9,191.8,172,box 1,8
10.55:  50.9,191.8,172,box 1,8
10.55:  50.9,191.8,172,box 1,8
10.55:  50.9,191.8,172,box 1,8
10.55:  50.9,191.8,172,box 1,8
10.56:  50.9,191.8,171.9,box 1,8
10.56:  50.9,191.8,171.9,box 1,8
10.56:  50.9,191.8,171.9,box 1,8
10.56:  50.9,191.8,171.9,box 1,8
10.57:  50.9,191.8,171.9,box 1,8
10.57:  50.9,191.8,171.9,box 1,8
10.57:  50.9,191.8,171.9,box 1,8
10.57:  50.9,191.8,171.9,box 1,8
10.58:  50.9,191.8,171.9,box 1,8
10.58:  50.9,191.8,171.8,box 1,8
10.58:  50.9,191.8,171.8,box 1,8
10.59:  50.9,191.8,171.8,box 1,8
10.59:  50.9,191.8,171.8,box 1,8
10.59:  50.9,191.8,171.8,box 1,8
10.59:  50.9,191.8,171.8,box 1,8
10.6:  50.9,191.8,171.7,box 1,8
10.6:  50.9,191.8,171.7,box 1,8
10.6:  50.9,191.8,171.7,box 1,8
10.6:  50.9,191.8,171.6,box 1,8
10.61:  50.9,191.8,171.6,box 1,8
10.61:  50.9,191.8,171.6,box 1,8
10.61:  50.9,191.8,171.6,box 1,8
10.61:  50.9,191.8,171.6,box 1,8
10.62:  50.9,191.8,171.6,box 1,8
10.62:  50.9,191.8,171.5,box 1,8
10.62:  50.9,191.8,171.5,box 1,8
10.62:  50.9,191.8,171.5,box 1,8
10.63:  50.9,191.8,171.5,box 1,8
10.63:  50.9,191.8,171.5,box 1,8
10.63:  50.9,191.8,171.5,box 1,8
10.63:  50.9,191.8,171.5,box 1,8
10.64:  50.9,191.8,171.5,box 1,8
10.64:  50.9,191.8,171.5,box 1,8
10.64:  50.9,191.8,171.5,box 1,8
10.64:  50.9,191.8,171.5,box 1,8
10.65:  50.9,191.8,171.5,box 1,8
10.65:  50.9,191.8,171.5,box 1,8
10.65:  50.9,191.8,171.5,box 1,8
10.65:  50.9,191.8,171.5,box 1,8
10.66:  50.9,191.8,171.5,box 1,8
10.66:  50.9,191.8,171.5,box 1,8
10.66:  50.9,191.8,171.5,box 1,8
10.67:  50.9,191.8,171.5,box 1,8
10.67:  50.9,191.8,171.5,box 1,8
10.68:  50.9,191.8,171.5,box 1,8
10.68:  50.9,191.8,171.5,box 1,8
10.68:  50.9,191.8,171.5,box 1,8
10.68:  50.9,191.8,171.5,box 1,8
10.69:  50.9,191.8,171.5,box 1,8
10.69:  50.9,191.8,171.5,box 1,8
10.69:  50.9,191.8,171.5,box 1,8
10.7:  50.9,191.8,171.5,box 1,8
10.7:  50.9,191.8,171.5,box 1,8
10.71:  50.9,191.8,171.5,box 1,8
10.71:  50.9,191.8,171.5,box 1,8
10.71:  50.9,191.8,171.5,box 1,8
10.71:  50.9,191.8,171.5,box 1,8
10.71:  50.9,191.8,171.5,box 1,8
10.72:  50.9,191.8,171.5,box 1,8
10.72:  50.9,191.8,171.5,box 1,8
10.72:  50.9,191.8,171.5,box 1,8
10.72:  50.9,191.8,171.5,box 1,8
10.73:  50.9,191.8,171.5,box 1,8
10.73:  50.9,191.8,171.5,box 1,8
10.73:  50.9,191.8,171.5,box 1,8
10.73:  50.9,191.8,171.5,box 1,8
10.74:  50.9,191.8,171.5,box 1,8
10.74:  50.9,191.8,171.5,box 1,8
10.74:  50.9,191.8,171.5,box 1,8
