0:  212.4072,171.4322,185.4,
ParticipantNo: 1231
Repetition?: Full
DSPType: 1
Encoding Tours: 1
!!1_dsp1_05
0:  216.1,31.84,266,box 9,0
0.01:  216.1,31.84,266,box 9,0
0.01:  216.1,31.84,266,box 9,0
0.02:  216.1,31.84,266,box 9,0
0.02:  216.1,31.84,266,box 9,0
0.02:  216.1,31.84,266,box 9,0
0.03:  216.1,31.84,266,box 9,0
0.03:  216.1,31.84,266,box 9,0
0.03:  216.1,31.84,266,box 9,0
0.04:  216.1,31.84,266,box 9,0
0.04:  216.1,31.84,266,box 9,0
0.04:  216.1,31.84,266,box 9,0
0.05:  216.1,31.84,266,box 9,0
0.05:  216.1,31.84,266,box 9,0
0.06:  216.1,31.84,266,box 9,0
0.06:  216.1,31.84,266,box 9,0
0.06:  216.1,31.84,266,box 9,0
0.07:  216.1,31.84,266,box 9,0
0.07:  216.1,31.84,266,box 9,0
0.07:  216.1,31.84,266,box 9,0
0.08:  216.1,31.84,266,box 9,0
0.08:  216.1,31.84,266,box 9,0
0.08:  216.1,31.84,266,box 9,0
0.09:  216.1,31.84,266,box 9,0
0.09:  216.1,31.84,266,box 9,0
0.09:  216.1,31.84,266,box 9,0
0.1:  216.1,31.84,266,box 9,0
0.1:  216.1,31.84,266,box 9,0
0.1:  216.1,31.84,266,box 9,0
0.11:  216.1,31.84,266,box 9,0
0.11:  216.1,31.84,266,box 9,0
0.11:  216.1,31.84,266.1,box 9,0
0.12:  216.1,31.84,266.1,box 9,0
0.12:  216.1,31.84,266.1,box 9,0
0.12:  216.1,31.84,266.6,box 9,0
0.13:  216.1,31.84,266.6,box 9,0
0.13:  216.1,31.84,266.9,box 9,0
0.14:  216.1,31.84,266.9,box 9,0
0.14:  216.1,31.84,267.4,box 9,0
0.15:  216.1,31.84,268.1,box 9,0
0.15:  216.1,31.84,269.1,box 9,0
0.16:  216.1,31.84,269.1,box 9,0
0.16:  216.1,31.84,270.7,box 9,0
0.16:  216.1,31.84,270.7,box 9,0
0.17:  216.1,31.84,270.7,box 9,0
0.17:  216.1,31.84,272.8,box 9,0
0.18:  216.1,31.84,272.8,box 9,0
0.18:  216.1,31.84,275.4,box 9,0
0.18:  216.1,31.84,275.4,box 9,0
0.19:  216.1,31.84,278.5,box 9,0
0.19:  216.1,31.84,278.5,box 9,0
0.19:  216.1,31.84,281.6,box 9,0
0.2:  216.1,31.84,281.6,box 9,0
0.2:  216.1,31.84,284.9,box 9,0
0.21:  216.1,31.84,284.9,box 9,0
0.21:  216.1,31.84,288.2,box 9,0
0.21:  216.1,31.84,288.2,box 9,0
0.22:  216.1,31.84,291.1,box 9,0
0.22:  216.1,31.84,291.1,box 9,0
0.23:  216.1,31.84,293.8,box 9,0
0.23:  216.1,31.84,296.2,box 9,0
0.24:  216.1,31.84,296.2,box 9,0
0.24:  216.1,31.84,298.4,box 9,0
0.25:  216.1,31.84,298.4,box 9,0
0.25:  216.1,31.84,300.3,box 9,0
0.25:  216.1,31.84,300.3,box 9,0
0.26:  216.1,31.84,302.2,box 9,0
0.26:  216.1,31.84,302.2,box 9,0
0.27:  216.1,31.84,304,box 9,0
0.27:  216.1,31.84,304,box 9,0
0.27:  216.1,31.84,305.5,box 9,0
0.28:  216.1,31.84,305.5,box 9,0
0.28:  216.1,31.84,307.1,box 9,0
0.29:  216.1,31.84,307.1,box 9,0
0.29:  216.1,31.84,308.6,box 9,0
0.29:  216.1,31.84,308.6,box 9,0
0.3:  216.1,31.84,309.9,box 9,0
0.3:  216.1,31.84,309.9,box 9,0
0.31:  216.1,31.84,311.1,box 9,0
0.31:  216.1,31.84,311.1,box 9,0
0.31:  216.1,31.84,312.2,box 9,0
0.32:  216.1,31.84,312.2,box 9,0
0.32:  216.1,31.84,313.1,box 9,0
0.32:  216.1,31.84,313.1,box 9,0
0.33:  216.1,31.84,313.1,box 9,0
0.33:  216.1,31.84,313.9,box 9,0
0.34:  216.1,31.84,313.9,box 9,0
0.34:  216.1,31.84,314.8,box 9,0
0.34:  216.1,31.84,314.8,box 9,0
0.35:  216.1,31.84,315.7,box 9,0
0.35:  216.1,31.84,316.5,box 9,0
0.36:  216.1,31.84,316.5,box 9,0
0.36:  216.1,31.84,317.3,box 9,0
0.37:  216.1,31.84,317.3,box 9,0
0.37:  216.1,31.84,318,box 9,0
0.37:  216.1,31.84,318,box 9,0
0.38:  216.1,31.84,318.6,box 9,0
0.38:  216.1,31.84,318.6,box 9,0
0.38:  216.1,31.84,318.6,box 9,0
0.39:  216.1,31.84,319.1,box 9,0
0.39:  216.1,31.84,319.1,box 9,0
0.4:  216.1,31.84,319.5,box 9,0
0.4:  216.1,31.84,319.5,box 9,0
0.4:  216.1,31.84,319.8,box 9,0
0.41:  216.1,31.84,319.8,box 9,0
0.41:  216.1,31.84,320.1,box 9,0
0.42:  216.1,31.84,320.1,box 9,0
0.42:  216.1,31.84,320.4,box 9,0
0.42:  216.1,31.84,320.4,box 9,0
0.43:  216.1,31.84,320.6,box 9,0
0.43:  216.1,31.84,320.6,box 9,0
0.43:  216.1,31.84,320.7,box 9,0
0.44:  216.1,31.84,320.7,box 9,0
0.44:  216.1,31.84,320.7,box 9,0
0.45:  216.1,31.84,320.7,box 9,0
0.45:  216.1,31.84,320.9,box 9,0
0.45:  216.1,31.84,320.9,box 9,0
0.46:  216.1,31.84,320.9,box 9,0
0.46:  216.1,31.84,321,box 9,0
0.46:  216.1,31.84,321,box 9,0
0.47:  216.1,31.84,321.1,box 9,0
0.47:  216.1,31.84,321.1,box 9,0
0.48:  216.1,31.84,321.3,box 9,0
0.48:  216.1,31.84,321.3,box 9,0
0.48:  216.1,31.84,321.4,box 9,0
0.49:  216.1,31.84,321.4,box 9,0
0.49:  216.099,31.84122,321.5,box 9,0
0.5:  216.0969,31.84396,321.6,box 9,0
0.5:  216.0952,31.84611,321.6,box 9,0
0.51:  216.0932,31.84866,321.7,box 9,0
0.52:  216.0827,31.86199,321.9,box 9,0
0.52:  216.0786,31.86718,321.9,box 9,0
0.53:  216.0735,31.87376,321.9,box 9,0
0.53:  216.0672,31.88177,322,box 9,0
0.54:  216.0577,31.89399,322,box 9,0
0.55:  216.0478,31.90666,322,box 9,0
0.55:  216.038,31.9192,322,box 9,0
0.56:  216.0161,31.94713,322,box 9,0
0.57:  216.0058,31.96037,322,box 9,0
0.57:  215.9959,31.97306,322,box 9,0
0.58:  215.9868,31.98471,322,box 9,0
0.58:  215.9773,31.9968,322,box 9,0
0.58:  215.9682,32.00843,322,box 9,0
0.59:  215.9546,32.02589,322,box 9,0
0.6:  215.9185,32.07127,321.5,box 9,0
0.6:  215.9063,32.08615,320.5,box 9,0
0.61:  215.8943,32.10067,320.5,box 9,0
0.61:  215.8809,32.11614,319.1,box 9,0
0.61:  215.8687,32.13024,319.1,box 9,0
0.62:  215.8553,32.14467,317.3,box 9,0
0.62:  215.8421,32.15902,317.3,box 9,0
0.62:  215.8282,32.17413,317.3,box 9,0
0.63:  215.8136,32.18874,315.1,box 9,0
0.63:  215.7975,32.20493,315.1,box 9,0
0.63:  215.7814,32.21952,312.3,box 9,0
0.64:  215.7647,32.23476,312.3,box 9,0
0.64:  215.7478,32.25013,312.3,box 9,0
0.64:  215.7289,32.26526,308.6,box 9,0
0.65:  215.7065,32.28311,308.6,box 9,0
0.65:  215.6799,32.30114,304.1,box 9,0
0.66:  215.6545,32.31833,304.1,box 9,0
0.66:  215.6268,32.33389,299.4,box 9,0
0.66:  215.5988,32.34968,299.4,box 9,0
0.67:  215.5689,32.36299,294,box 9,0
0.67:  215.5337,32.37477,288.5,box 9,0
0.68:  215.4998,32.38611,288.5,box 9,0
0.68:  215.4659,32.39406,283.2,box 9,0
0.69:  215.4293,32.40265,283.2,box 9,0
0.69:  215.3929,32.40757,277.7,box 9,0
0.69:  215.3501,32.41336,277.7,box 9,0
0.7:  215.311,32.41486,272.2,box 9,0
0.7:  215.2759,32.41621,272.2,box 9,0
0.71:  215.2393,32.41423,266.9,box 9,0
0.71:  215.2041,32.41232,266.9,box 9,0
0.71:  215.1647,32.40678,262,box 9,0
0.72:  215.1279,32.40161,262,box 9,0
0.72:  215.0927,32.39667,262,box 9,0
0.72:  215.0504,32.3872,257.4,box 9,0
0.73:  215.0087,32.37788,257.4,box 9,0
0.73:  214.9626,32.36405,253.3,box 9,0
0.74:  214.9278,32.35361,253.3,box 9,0
0.74:  214.8808,32.33643,249.9,box 9,0
0.74:  214.8463,32.3238,249.9,box 9,0
0.75:  214.8057,32.30638,246.8,box 9,0
0.75:  214.7625,32.28786,246.8,box 9,0
0.75:  214.7191,32.26701,244.3,box 9,0
0.76:  214.6405,32.2259,242.4,box 9,0
0.77:  214.6019,32.20572,242.4,box 9,0
0.77:  214.5578,32.18135,241.1,box 9,0
0.77:  214.5139,32.15711,241.1,box 9,0
0.78:  214.4688,32.1314,240.3,box 9,0
0.78:  214.4319,32.11039,240.3,box 9,0
0.78:  214.3862,32.08429,240.3,box 9,0
0.79:  214.3407,32.05783,239.8,box 9,0
0.79:  214.2991,32.0336,239.8,box 9,0
0.8:  214.2508,32.00528,239.6,box 9,0
0.8:  214.2128,31.98298,239.6,box 9,0
0.8:  214.1679,31.95643,239.4,box 9,0
0.81:  214.1192,31.92762,239.4,box 9,0
0.81:  214.0669,31.89656,239.3,box 9,0
0.81:  214.0264,31.87255,239.3,box 9,0
0.82:  213.977,31.84307,239.2,box 9,0
0.82:  213.9334,31.8171,239.2,box 9,0
0.83:  213.8736,31.78116,239,box 9,0
0.83:  213.8248,31.75184,239,box 9,0
0.83:  213.7689,31.71746,238.4,box 9,0
0.84:  213.7288,31.69274,238.4,box 9,0
0.84:  213.6714,31.65595,237.3,box 9,0
0.85:  213.6314,31.63022,237.3,box 9,0
0.85:  213.5914,31.60459,237.3,box 9,0
0.85:  213.531,31.56348,235.8,box 9,0
0.86:  213.4916,31.53673,235.8,box 9,0
0.86:  213.4375,31.49772,234.2,box 9,0
0.86:  213.3988,31.46984,234.2,box 9,0
0.87:  213.3533,31.43448,232.2,box 9,0
0.87:  213.3125,31.40285,232.2,box 9,0
0.88:  213.2673,31.36524,230.2,box 9,0
0.88:  213.2308,31.33478,230.2,box 9,0
0.88:  213.1793,31.28858,228.1,box 9,0
0.89:  213.1429,31.25594,228.1,box 9,0
0.89:  213.0977,31.21224,226,box 9,0
0.89:  213.0631,31.17885,226,box 9,0
0.9:  213.0234,31.13737,223.7,box 9,0
0.9:  212.9868,31.099,223.7,box 9,0
0.9:  212.9536,31.06425,223.7,box 9,0
0.91:  212.9206,31.02654,221.2,box 9,0
0.91:  212.8894,30.9909,221.2,box 9,0
0.91:  212.8507,30.94302,218.9,box 9,0
0.92:  212.8237,30.90959,218.9,box 9,0
0.92:  212.797,30.87648,218.9,box 9,0
0.92:  212.7648,30.83273,216.4,box 9,0
0.93:  212.7414,30.80105,216.4,box 9,0
0.93:  212.7161,30.76354,214,box 9,0
0.93:  212.6947,30.73172,214,box 9,0
0.93:  212.6728,30.69925,214,box 9,0
0.94:  212.6521,30.6661,211.9,box 9,0
0.94:  212.6309,30.63199,211.9,box 9,0
0.94:  212.608,30.5953,211.9,box 9,0
0.95:  212.5887,30.5617,209.9,box 9,0
0.95:  212.5679,30.52548,209.9,box 9,0
0.95:  212.5447,30.48516,209.9,box 9,0
0.95:  212.5267,30.45146,208.1,box 9,0
0.96:  212.5082,30.41672,208.1,box 9,0
0.97:  212.4439,30.28774,206.5,box 9,0
0.97:  212.4224,30.24204,205.2,box 9,0
0.97:  212.4036,30.20213,205.2,box 9,0
0.98:  212.3855,30.16377,205.2,box 9,0
0.98:  212.3685,30.12596,204.2,box 9,0
0.98:  212.3512,30.08743,204.2,box 9,0
0.98:  212.3352,30.05186,204.2,box 9,0
0.99:  212.3198,30.01645,203.5,box 9,0
0.99:  212.292,29.95238,203.5,box 9,0
0.99:  212.2766,29.91583,202.9,box 9,0
1:  212.2609,29.87874,202.9,box 9,0
1:  212.246,29.8436,202.9,box 9,0
1:  212.2276,29.79918,202.5,box 9,0
1:  212.2136,29.7654,202.5,box 9,0
1.01:  212.1989,29.72982,202.5,box 9,0
1.01:  212.178,29.67895,202.3,box 9,0
1.01:  212.1635,29.64352,202.3,box 9,0
1.02:  212.1473,29.60394,202.3,box 9,0
1.02:  212.1293,29.55983,202.2,box 9,0
1.02:  212.1077,29.50682,202.2,box 9,0
1.03:  212.0928,29.47035,202.2,box 9,0
1.03:  212.0747,29.4261,202.2,box 9,0
1.03:  212.0599,29.38988,202.2,box 9,0
1.03:  212.0462,29.35624,202.2,box 9,0
1.04:  212.0318,29.32098,202.2,box 9,0
1.04:  212.0172,29.28515,202.2,box 9,0
1.04:  211.9968,29.23495,202.1,box 9,0
1.05:  211.9823,29.19928,202.1,box 9,0
1.05:  211.9679,29.16386,202.1,box 9,0
1.05:  211.9512,29.12271,202.1,box 9,0
1.05:  211.935,29.0827,202.1,box 9,0
1.06:  211.9079,29.01608,202.1,box 9,0
1.06:  211.8927,28.97857,202.1,box 9,0
1.06:  211.878,28.94228,202.1,box 9,0
1.07:  211.8637,28.90724,202.1,box 9,0
1.07:  211.8475,28.86731,202.1,box 9,0
1.07:  211.8324,28.83014,202.1,box 9,0
1.07:  211.8142,28.78527,202.1,box 9,0
1.08:  211.7987,28.74712,202.1,box 9,0
1.08:  211.7838,28.71036,202.1,box 9,0
1.08:  211.7693,28.67468,202.1,box 9,0
1.09:  211.7531,28.63487,202.1,box 9,0
1.09:  211.7295,28.5767,202.1,box 9,0
1.09:  211.7143,28.53918,202.1,box 9,0
1.1:  211.6998,28.50356,202.1,box 9,0
1.1:  211.6832,28.46268,202.1,box 9,0
1.1:  211.6691,28.42796,202.1,box 9,0
1.1:  211.6545,28.39209,202.1,box 9,0
1.11:  211.6401,28.35647,202.1,box 9,0
1.11:  211.6249,28.31899,202.1,box 9,0
1.11:  211.6108,28.28432,202.1,box 9,0
1.11:  211.5965,28.2491,202.1,box 9,0
1.12:  211.5812,28.21137,202.1,box 9,0
1.12:  211.567,28.17654,202.1,box 9,0
1.12:  211.545,28.12237,202.1,box 9,0
1.13:  211.5304,28.08647,202.1,box 9,0
1.13:  211.5167,28.0526,202.1,box 9,0
1.13:  211.5012,28.01436,202.1,box 9,0
1.13:  211.4857,27.97616,202.1,box 9,0
1.14:  211.4714,27.94097,202.1,box 9,0
1.14:  211.4574,27.90658,202.1,box 9,0
1.14:  211.4429,27.87078,202.1,box 9,0
1.14:  211.429,27.8366,202.1,box 9,0
1.15:  211.4149,27.80204,202.1,box 9,0
1.15:  211.3986,27.76179,202.1,box 9,0
1.15:  211.3838,27.72542,202.1,box 9,0
1.16:  211.359,27.66426,202.1,box 9,0
1.16:  211.3441,27.62765,202.1,box 9,0
1.16:  211.3156,27.55733,202.1,box 9,0
1.17:  211.3008,27.5209,202.1,box 9,0
1.17:  211.2846,27.48095,202.1,box 9,0
1.17:  211.2698,27.44465,202.1,box 9,0
1.17:  211.2547,27.40728,202.1,box 9,0
1.18:  211.2403,27.37185,202.1,box 9,0
1.18:  211.2222,27.32742,202.1,box 9,0
1.18:  211.1996,27.27167,202.1,box 9,0
1.19:  211.1766,27.21494,202.1,box 9,0
1.19:  211.1583,27.16996,202.1,box 9,0
1.19:  211.1406,27.12634,202.1,box 9,0
1.2:  211.1258,27.08988,202.1,box 9,0
1.2:  211.1117,27.05518,202.1,box 9,0
1.2:  211.0916,27.00568,202.1,box 9,0
1.21:  211.077,26.96972,202.1,box 9,0
1.21:  211.0604,26.92885,202.1,box 9,0
1.21:  211.0458,26.89299,202.1,box 9,0
1.21:  211.032,26.85903,202.1,box 9,0
1.22:  211.0178,26.82406,202.1,box 9,0
1.22:  211.0036,26.7891,202.1,box 9,0
1.22:  210.9822,26.73631,202.1,box 9,0
1.22:  210.9679,26.70099,202.1,box 9,0
1.23:  210.9489,26.65433,202.1,box 9,0
1.23:  210.9328,26.61463,202.1,box 9,0
1.23:  210.9188,26.58025,202.1,box 9,0
1.24:  210.9048,26.54578,202.1,box 9,0
1.24:  210.8902,26.50977,202.1,box 9,0
1.24:  210.876,26.47473,202.1,box 9,0
1.24:  210.8565,26.4268,202.1,box 9,0
1.25:  210.8411,26.38874,202.1,box 9,0
1.25:  210.8256,26.35056,202.1,box 9,0
1.25:  210.8007,26.28936,202.1,box 9,0
1.26:  210.7855,26.25189,202.1,box 9,0
1.26:  210.7716,26.21755,202.1,box 9,0
1.26:  210.7573,26.1825,202.1,box 9,0
1.26:  210.7435,26.14849,202.1,box 9,0
1.27:  210.7276,26.10942,202.1,box 9,0
1.27:  210.7093,26.06418,202.1,box 9,0
1.27:  210.6955,26.03022,202.1,box 9,0
1.28:  210.6815,25.99589,202.1,box 9,0
1.28:  210.6673,25.96082,202.1,box 9,0
1.28:  210.6532,25.92597,202.1,box 9,0
1.28:  210.6388,25.89053,202.1,box 9,0
1.29:  210.6175,25.83815,202.1,box 9,0
1.29:  210.6009,25.79723,202.1,box 9,0
1.29:  210.5837,25.75493,202.1,box 9,0
1.3:  210.5694,25.71965,202.1,box 9,0
1.3:  210.5542,25.68234,202.1,box 9,0
1.3:  210.5399,25.64712,202.1,box 9,0
1.3:  210.526,25.61279,202.1,box 9,0
1.31:  210.5117,25.57752,202.1,box 9,0
1.31:  210.4957,25.53806,202.1,box 9,0
1.31:  210.4807,25.50121,202.1,box 9,0
1.31:  210.4664,25.46595,202.1,box 9,0
1.32:  210.4521,25.43074,202.1,box 9,0
1.32:  210.4285,25.37271,202.1,box 9,0
1.32:  210.4138,25.33647,202.1,box 9,0
1.33:  210.3764,25.24451,202.1,box 9,0
1.33:  210.3582,25.19958,202.1,box 9,0
1.34:  210.343,25.16223,202.1,box 9,0
1.34:  210.3222,25.11081,202.1,box 9,0
1.34:  210.305,25.06856,202.1,box 9,0
1.35:  210.2887,25.02843,202.1,box 9,0
1.35:  210.2747,24.99393,202.1,box 9,0
1.35:  210.2588,24.95487,202.1,box 9,0
1.35:  210.2376,24.90268,202.1,box 9,0
1.36:  210.2228,24.8661,202.1,box 9,0
1.36:  210.2082,24.83008,202.1,box 9,0
1.36:  210.1796,24.75981,202.1,box 9,0
1.37:  210.1653,24.72461,202.1,box 9,0
1.37:  210.145,24.67444,202.1,box 9,0
1.37:  210.1305,24.63885,202.1,box 9,0
1.38:  210.1159,24.60283,202.1,box 9,0
1.38:  210.1016,24.56755,202.1,box 9,0
1.38:  210.0876,24.53321,202.1,box 9,0
1.38:  210.073,24.49728,202.1,box 9,0
1.39:  210.0504,24.44151,202.1,box 9,0
1.39:  210.0293,24.38963,202.1,box 9,0
1.39:  210.0148,24.35378,202.1,box 9,0
1.4:  210.0003,24.31816,202.1,box 9,0
1.4:  209.9849,24.28024,202.1,box 9,0
1.4:  209.97,24.24359,202.1,box 9,0
1.4:  209.9554,24.20749,202.1,box 9,0
1.41:  209.9413,24.17288,202.1,box 9,0
1.41:  209.9249,24.1324,202.1,box 9,0
1.41:  209.9105,24.097,202.1,box 9,0
1.41:  209.8965,24.0626,202.1,box 9,0
1.42:  209.87,23.99735,202.1,box 9,0
1.42:  209.8545,23.95903,202.1,box 9,0
1.42:  209.8398,23.92297,202.1,box 9,0
1.43:  209.8246,23.88555,202.1,box 9,0
1.43:  209.8087,23.84621,202.1,box 9,0
1.43:  209.7883,23.79655,202.3,box 9,0
1.44:  209.7737,23.76108,202.3,box 9,0
1.44:  209.7594,23.7261,202.3,box 9,0
1.44:  209.7393,23.67863,202.9,box 9,0
1.44:  209.7247,23.64408,202.9,box 9,0
1.45:  209.7098,23.60877,202.9,box 10,0
1.45:  209.6819,23.54519,203.7,box 10,0
1.45:  209.666,23.50884,203.7,box 10,0
1.46:  209.6418,23.45539,205,box 10,0
1.46:  209.6182,23.40154,205,box 10,0
1.47:  209.598,23.35799,206.8,box 10,0
1.47:  209.5792,23.31646,206.8,box 10,0
1.47:  209.5628,23.27947,206.8,box 10,0
1.47:  209.5435,23.23982,209.3,box 10,0
1.48:  209.5272,23.20566,209.3,box 10,0
1.48:  209.5104,23.16977,209.3,box 10,0
1.48:  209.4926,23.13584,212.5,box 10,0
1.48:  209.4744,23.10079,212.5,box 10,0
1.49:  209.4563,23.06508,212.5,box 10,0
1.49:  209.4314,23.02245,216.4,box 10,0
1.49:  209.4122,22.98894,216.4,box 10,0
1.5:  209.3923,22.95346,216.4,box 10,0
1.5:  209.363,22.90904,221,box 10,0
1.5:  209.3423,22.87703,221,box 10,0
1.5:  209.3185,22.84548,225.6,box 10,0
1.51:  209.2914,22.80904,225.6,box 10,0
1.51:  209.262,22.76861,225.6,box 10,0
1.51:  209.2347,22.73603,229.9,box 10,0
1.52:  209.2041,22.69868,229.9,box 10,0
1.52:  209.1716,22.65817,229.9,box 10,0
1.52:  209.1367,22.62006,234.1,box 10,0
1.53:  209.0963,22.57486,234.1,box 10,0
1.53:  209.0582,22.53724,238.3,box 10,0
1.53:  209.0193,22.49817,238.3,box 10,0
1.54:  208.9742,22.45785,242.3,box 10,0
1.54:  208.9284,22.41593,242.3,box 10,0
1.55:  208.8788,22.37535,246.1,box 10,0
1.55:  208.8376,22.3409,246.1,box 10,0
1.55:  208.7778,22.29635,250,box 10,0
1.56:  208.7366,22.26503,250,box 10,0
1.56:  208.6927,22.23525,253.6,box 10,0
1.57:  208.6071,22.17494,253.6,box 10,0
1.57:  208.5586,22.1441,256.9,box 10,0
1.58:  208.5142,22.11535,256.9,box 10,0
1.58:  208.4682,22.0882,259.8,box 10,0
1.58:  208.4203,22.05931,259.8,box 10,0
1.59:  208.3614,22.02639,262.3,box 10,0
1.59:  208.3102,21.99717,262.3,box 10,0
1.59:  208.2617,21.9711,264.3,box 10,0
1.6:  208.2116,21.94361,264.3,box 10,0
1.6:  208.158,21.91358,264.3,box 10,0
1.6:  208.109,21.8871,265.7,box 10,0
1.61:  208.0554,21.85748,265.7,box 10,0
1.61:  208.0019,21.82854,266.7,box 10,0
1.61:  207.95,21.79981,266.7,box 10,0
1.62:  207.8987,21.77149,267.2,box 10,0
1.62:  207.8481,21.74297,267.2,box 10,0
1.63:  207.7845,21.70659,267.4,box 10,0
1.63:  207.7298,21.67462,267.4,box 10,0
1.63:  207.6752,21.64207,267.4,box 10,0
1.64:  207.6243,21.61119,267.4,box 10,0
1.64:  207.5739,21.58004,267.4,box 10,0
1.64:  207.5149,21.54295,267.5,box 10,0
1.65:  207.4577,21.50631,267.5,box 10,0
1.65:  207.4021,21.47,267.5,box 10,0
1.66:  207.3499,21.43539,267.5,box 10,0
1.66:  207.2981,21.40036,267.5,box 10,0
1.66:  207.2433,21.36273,267.5,box 10,0
1.67:  207.1924,21.32719,267.5,box 10,0
1.67:  207.1262,21.28,267.5,box 10,0
1.67:  207.0699,21.23913,267.5,box 10,0
1.68:  207.0205,21.2028,267.5,box 10,0
1.68:  206.9668,21.16261,267.5,box 10,0
1.69:  206.9173,21.12508,267.5,box 10,0
1.69:  206.8652,21.08494,267.5,box 10,0
1.69:  206.8038,21.03685,267.5,box 10,0
1.7:  206.7524,20.99599,267.5,box 10,0
1.7:  206.7041,20.95709,267.5,box 10,0
1.7:  206.6537,20.91587,267.5,box 10,0
1.71:  206.6026,20.87358,267.5,box 10,0
1.71:  206.543,20.82344,267.5,box 10,0
1.71:  206.4938,20.7815,267.5,box 10,0
1.72:  206.4451,20.73939,267.5,box 10,0
1.72:  206.3969,20.6973,267.5,box 10,0
1.72:  206.3469,20.65301,267.5,box 10,0
1.73:  206.2972,20.60847,267.5,box 10,0
1.73:  206.2443,20.56046,267.5,box 10,0
1.74:  206.195,20.51512,267.5,box 10,0
1.74:  206.1463,20.46985,267.5,box 10,0
1.74:  206.0896,20.41642,267.5,box 10,0
1.75:  206.0391,20.36825,267.5,box 10,0
1.75:  205.9867,20.3176,267.5,box 10,0
1.75:  205.9375,20.26954,267.5,box 10,0
1.76:  205.8858,20.2184,267.5,box 10,0
1.76:  205.8348,20.16734,267.5,box 10,0
1.76:  205.7856,20.11758,267.5,box 10,0
1.77:  205.6899,20.01875,267.5,box 10,0
1.77:  205.6353,19.96154,267.5,box 10,0
1.78:  205.5851,19.90855,267.5,box 10,0
1.78:  205.5354,19.85546,267.5,box 10,0
1.78:  205.4856,19.80164,267.5,box 10,0
1.79:  205.4171,19.72692,267.5,box 10,0
1.79:  205.3629,19.66768,267.5,box 10,0
1.8:  205.3126,19.61278,267.5,box 10,0
1.8:  205.2589,19.5542,267.5,box 10,0
1.8:  205.211,19.502,267.5,box 10,0
1.81:  205.1624,19.44896,267.5,box 10,1
1.81:  205.1097,19.39138,267.5,box 10,1
1.81:  205.0606,19.33782,267.5,box 10,1
1.82:  205.0098,19.28241,267.5,box 10,1
1.82:  204.9618,19.23001,267.5,box 10,1
1.82:  204.9134,19.17713,267.5,box 10,1
1.83:  204.8575,19.11618,267.5,box 10,1
1.83:  204.8053,19.05915,267.5,box 10,1
1.84:  204.7569,19.00639,267.5,box 10,1
1.84:  204.7015,18.94593,267.5,box 10,1
1.84:  204.6529,18.89291,267.5,box 10,1
1.85:  204.6062,18.84188,267.5,box 10,1
1.85:  204.5539,18.78488,267.5,box 10,1
1.85:  204.5056,18.73211,267.5,box 10,1
1.86:  204.443,18.66384,267.5,box 10,1
1.86:  204.3945,18.61091,267.5,box 10,1
1.86:  204.3455,18.55745,267.5,box 10,1
1.87:  204.2965,18.50393,267.5,box 10,1
1.87:  204.2446,18.44736,267.5,box 10,1
1.87:  204.196,18.39428,267.5,box 10,1
1.88:  204.1429,18.33638,267.5,box 10,1
1.88:  204.0933,18.28221,267.5,box 10,1
1.89:  204.0452,18.22968,267.5,box 10,1
1.89:  203.9954,18.17533,267.5,box 10,1
1.89:  203.9413,18.11636,267.5,box 10,1
1.9:  203.8924,18.06294,267.5,box 10,1
1.9:  203.8438,18.00992,267.5,box 10,1
1.9:  203.7941,17.95566,267.5,box 10,1
1.91:  203.7403,17.89698,267.5,box 10,1
1.91:  203.6837,17.83517,267.5,box 10,1
1.91:  203.635,17.78209,267.5,box 10,1
1.92:  203.5871,17.72981,267.5,box 10,1
1.92:  203.5255,17.66278,267.6,box 10,1
1.92:  203.4762,17.60915,267.6,box 10,1
1.93:  203.4279,17.5566,267.6,box 10,1
1.93:  203.3633,17.48732,268,box 10,1
1.94:  203.3147,17.4352,268,box 10,1
1.94:  203.2526,17.36982,268.5,box 10,1
1.94:  203.2016,17.3161,268.5,box 10,1
1.95:  203.151,17.26388,269.1,box 10,1
1.95:  203.0933,17.20433,269.1,box 10,1
1.95:  203.0403,17.15184,270.3,box 10,1
1.96:  202.9418,17.05999,272,box 10,1
1.96:  202.8859,17.00789,272,box 10,1
1.97:  202.7707,16.90808,274.1,box 10,1
1.98:  202.708,16.85381,274.1,box 10,1
1.98:  202.6462,16.80466,276.5,box 10,1
1.98:  202.5863,16.75695,276.5,box 10,1
1.99:  202.5116,16.70314,279.2,box 10,1
1.99:  202.3983,16.63006,282.2,box 10,1
2:  202.329,16.58542,282.2,box 10,1
2:  202.2557,16.54362,285.3,box 10,1
2.01:  202.178,16.49929,285.3,box 10,1
2.01:  202.063,16.44172,288.4,box 10,1
2.02:  201.9881,16.40418,288.4,box 10,1
2.02:  201.9115,16.37104,291.6,box 10,1
2.03:  201.8071,16.332,294.5,box 10,1
2.03:  201.7272,16.30213,294.5,box 10,1
2.03:  201.6442,16.27532,297.1,box 10,1
2.04:  201.5671,16.25042,297.1,box 10,1
2.04:  201.4867,16.22799,299.4,box 10,1
2.04:  201.4061,16.20548,299.4,box 10,1
2.05:  201.3263,16.18588,301.2,box 10,1
2.05:  201.2413,16.165,301.2,box 10,1
2.06:  201.1237,16.13914,302.6,box 10,1
2.06:  201.041,16.12097,302.6,box 10,1
2.07:  200.9591,16.10445,303.6,box 10,1
2.07:  200.8703,16.08654,303.6,box 10,1
2.07:  200.7858,16.07042,304.2,box 10,1
2.08:  200.7023,16.0545,304.2,box 10,1
2.08:  200.6187,16.03916,304.6,box 10,1
2.09:  200.5354,16.02387,304.6,box 10,1
2.09:  200.4175,16.00265,304.8,box 10,1
2.1:  200.3321,15.98775,305.1,box 10,1
2.1:  200.2431,15.97222,305.1,box 10,1
2.11:  200.1479,15.95594,305.3,box 10,1
2.11:  200.0619,15.94124,305.3,box 10,1
2.11:  199.9702,15.9259,305.5,box 10,1
2.12:  199.8495,15.9057,305.5,box 10,1
2.12:  199.7391,15.88762,305.7,box 10,1
2.13:  199.6478,15.873,305.9,box 10,1
2.13:  199.5486,15.85711,305.9,box 10,1
2.14:  199.4604,15.84345,306.2,box 10,1
2.14:  199.3623,15.82826,306.2,box 10,1
2.15:  199.2714,15.81452,306.4,box 10,1
2.15:  199.1812,15.80088,306.4,box 10,1
2.16:  199.062,15.78349,306.7,box 10,1
2.16:  198.9745,15.77103,306.9,box 10,1
2.17:  198.8799,15.75757,306.9,box 10,1
2.17:  198.7073,15.73392,307.2,box 10,1
2.18:  198.6185,15.72208,307.4,box 10,1
2.18:  198.533,15.71067,307.4,box 10,1
2.19:  198.4184,15.69461,307.5,box 10,1
2.2:  198.2574,15.67036,307.6,box 10,1
2.2:  198.1731,15.65709,307.6,box 10,1
2.2:  198.0768,15.64119,307.6,box 10,1
2.21:  197.9811,15.62481,307.7,box 10,1
2.21:  197.8961,15.60964,307.7,box 10,1
2.22:  197.7876,15.59018,307.7,box 10,1
2.23:  197.6548,15.56621,307.7,box 10,1
2.23:  197.5746,15.55169,307.7,box 10,1
2.23:  197.4945,15.53697,307.6,box 10,1
2.24:  197.422,15.52358,307.6,box 10,1
2.24:  197.3491,15.50982,307.4,box 10,1
2.25:  197.279,15.49652,307.4,box 10,1
2.25:  197.2068,15.48238,307.1,box 10,1
2.25:  197.138,15.46883,307.1,box 10,1
2.26:  197.0596,15.45305,306.9,box 10,1
2.26:  196.9939,15.43975,306.9,box 10,1
2.27:  196.9298,15.42651,306.7,box 10,1
2.27:  196.8632,15.41266,306.7,box 10,1
2.28:  196.7988,15.39899,306.5,box 10,1
2.28:  196.7369,15.38579,306.5,box 10,1
2.28:  196.6683,15.37106,306.5,box 10,1
2.29:  196.6079,15.35804,306.5,box 10,1
2.29:  196.5374,15.34275,306.5,box 10,1
2.3:  196.4808,15.3304,306.5,box 10,1
2.3:  196.4244,15.31804,306.5,box 10,1
2.3:  196.369,15.30583,306.5,box 10,1
2.31:  196.3029,15.29115,306.5,box 10,1
2.31:  196.2453,15.27829,306.5,box 10,1
2.32:  196.1919,15.26629,306.5,box 10,1
2.32:  196.1366,15.25377,306.5,box 10,1
2.33:  196.0845,15.24191,306.5,box 10,1
2.33:  196.0343,15.23037,306.5,box 10,1
2.33:  195.9817,15.21821,306.5,box 10,1
2.34:  195.9315,15.20653,306.5,box 10,1
2.34:  195.879,15.1942,306.5,box 10,1
2.35:  195.8327,15.18323,306.5,box 10,1
2.35:  195.7843,15.17165,306.5,box 10,1
2.35:  195.7389,15.16071,306.5,box 10,1
2.36:  195.6934,15.14965,306.5,box 10,1
2.36:  195.6533,15.13979,306.5,box 10,1
2.37:  195.6137,15.12999,306.5,box 10,1
2.37:  195.5386,15.111,306.5,box 10,1
2.38:  195.5002,15.1012,306.5,box 10,1
2.38:  195.4645,15.09197,306.5,box 10,1
2.39:  195.4296,15.08286,306.5,box 10,1
2.39:  195.3931,15.07321,306.5,box 10,1
2.4:  195.3494,15.06144,306.5,box 10,1
2.4:  195.3005,15.04799,306.5,box 10,1
2.41:  195.2674,15.03874,306.5,box 10,1
2.41:  195.2341,15.02929,306.5,box 10,1
2.41:  195.2061,15.0212,306.5,box 10,1
2.42:  195.1787,15.01316,306.5,box 10,1
2.42:  195.1521,15.00521,306.5,box 10,1
2.43:  195.1262,14.99732,306.5,box 10,1
2.43:  195.1005,14.98934,306.5,box 10,1
2.43:  195.0778,14.98211,306.5,box 10,1
2.44:  195.0547,14.97461,306.5,box 10,1
2.44:  195.0329,14.96733,306.5,box 10,1
2.45:  195.0114,14.95998,306.5,box 10,1
2.45:  194.9903,14.95255,306.5,box 10,1
2.45:  194.9721,14.94592,306.5,box 10,1
2.46:  194.9505,14.93776,306.5,box 10,1
2.47:  194.9254,14.92769,306.5,box 10,1
2.47:  194.9105,14.92146,306.5,box 10,1
2.47:  194.8955,14.91487,306.5,box 10,1
2.48:  194.8821,14.90867,306.5,box 10,1
2.48:  194.8692,14.90236,306.5,box 10,1
2.49:  194.8584,14.89667,306.5,box 10,1
2.49:  194.8467,14.88995,306.5,box 10,1
2.5:  194.8379,14.88446,306.5,box 10,1
2.5:  194.8304,14.87922,306.5,box 10,1
2.51:  194.8213,14.87163,306.5,box 10,1
2.51:  194.8162,14.86652,306.5,box 10,1
2.51:  194.8124,14.86193,306.5,box 10,1
2.52:  194.8094,14.85782,306.5,box 10,1
2.52:  194.8067,14.85423,306.5,box 10,1
2.53:  194.8045,14.85126,306.5,box 10,1
2.53:  194.8027,14.84875,306.5,box 10,1
2.53:  194.8013,14.84696,306.5,box 10,1
2.54:  194.8004,14.84567,306.5,box 10,1
2.54:  194.8004,14.84567,306.5,box 10,1
2.55:  194.8004,14.84567,306.5,box 10,1
2.55:  194.8004,14.84567,306.5,box 10,1
2.55:  194.8004,14.84567,304.8,box 10,1
2.56:  194.8004,14.84567,304.8,box 10,1
2.56:  194.8004,14.84567,302.1,box 10,1
2.57:  194.8004,14.84567,302.1,box 10,1
2.57:  194.8004,14.84567,299.4,box 10,1
2.58:  194.8004,14.84567,297.2,box 10,1
2.58:  194.8004,14.84567,297.2,box 10,1
2.59:  194.8004,14.84567,295.2,box 10,1
2.6:  194.8004,14.84567,293.4,box 10,1
2.6:  194.8004,14.84567,293.4,box 10,1
2.61:  194.8004,14.84567,291.7,box 10,1
2.61:  194.8004,14.84567,290.4,box 10,1
2.61:  194.8004,14.84567,290.4,box 10,1
2.62:  194.8004,14.84567,289.4,box 10,1
2.62:  194.8004,14.84567,289.4,box 10,1
2.63:  194.8004,14.84567,288.7,box 10,1
2.63:  194.8004,14.84567,288.7,box 10,1
2.64:  194.8004,14.84567,288.6,box 10,1
2.64:  194.8004,14.84567,288.6,box 10,1
2.64:  194.8004,14.84567,288.6,box 10,1
2.65:  194.8004,14.84567,288.6,box 10,1
2.65:  194.8004,14.84567,288.7,box 10,1
2.66:  194.8004,14.84567,288.7,box 10,1
2.66:  194.8004,14.84567,289.1,box 10,1
2.67:  194.8004,14.84567,289.5,box 10,1
2.67:  194.8004,14.84567,290.1,box 10,1
2.68:  194.8004,14.84567,290.1,box 10,1
2.68:  194.8004,14.84567,290.8,box 10,1
2.69:  194.8004,14.84567,291.5,box 10,1
2.69:  194.8004,14.84567,291.5,box 10,1
2.7:  194.8004,14.84567,292.3,box 10,1
2.7:  194.8004,14.84567,292.3,box 10,1
2.71:  194.8004,14.84567,293.1,box 10,1
2.71:  194.8004,14.84567,293.1,box 10,1
2.71:  194.8004,14.84567,294,box 10,1
2.72:  194.8004,14.84567,294,box 10,1
2.72:  194.8004,14.84567,295,box 10,1
2.73:  194.8004,14.84567,295,box 10,1
2.73:  194.8004,14.84567,296.1,box 10,1
2.73:  194.8004,14.84567,296.1,box 10,1
2.74:  194.8004,14.84567,296.1,box 10,1
2.74:  194.8004,14.84567,297.5,box 10,1
2.74:  194.8004,14.84567,297.5,box 10,1
2.75:  194.8004,14.84567,298.9,box 10,1
2.75:  194.8004,14.84567,298.9,box 10,1
2.75:  194.8004,14.84567,300.2,box 10,1
2.76:  194.8004,14.84567,300.2,box 10,1
2.76:  194.8004,14.84567,300.2,box 10,1
2.76:  194.8004,14.84567,301.6,box 10,1
2.76:  194.8004,14.84567,301.6,box 10,1
2.77:  194.8004,14.84567,301.6,box 10,1
2.77:  194.8004,14.84567,303,box 10,1
2.78:  194.8004,14.84567,303,box 10,1
2.78:  194.8004,14.84567,304.2,box 10,1
2.78:  194.8004,14.84567,304.2,box 10,1
2.78:  194.8004,14.84567,304.2,box 10,1
2.79:  194.8004,14.84567,305,box 10,1
2.79:  194.8004,14.84567,305,box 10,1
2.79:  194.8004,14.84567,305.4,box 10,1
2.8:  194.8004,14.84567,305.4,box 10,1
2.8:  194.8004,14.84567,305.4,box 10,1
2.8:  194.8004,14.84567,305.8,box 10,1
2.8:  194.8004,14.84567,305.8,box 10,1
2.81:  194.8004,14.84567,305.8,box 10,1
2.81:  194.8004,14.84567,306.1,box 10,1
2.81:  194.8004,14.84567,306.1,box 10,1
2.82:  194.8004,14.84567,306.1,box 10,1
2.82:  194.8004,14.84567,306.3,box 10,1
2.82:  194.8004,14.84567,306.3,box 10,1
2.82:  194.8004,14.84567,306.3,box 10,1
2.83:  194.8004,14.84567,306.6,box 10,1
2.83:  194.8004,14.84567,306.6,box 10,1
2.83:  194.8004,14.84567,306.6,box 10,1
2.84:  194.8004,14.84567,306.7,box 10,1
2.84:  194.8004,14.84567,306.7,box 10,1
2.84:  194.8004,14.84567,306.8,box 10,1
2.84:  194.8004,14.84567,306.8,box 10,1
2.85:  194.8004,14.84567,306.8,box 10,1
2.85:  194.8004,14.84567,306.8,box 10,1
2.85:  194.8004,14.84567,306.8,box 10,1
2.85:  194.8004,14.84567,306.8,box 10,1
2.86:  194.8004,14.84567,306.8,box 10,1
2.86:  194.8004,14.84567,306.8,box 10,1
2.86:  194.8004,14.84567,306.8,box 10,1
2.86:  194.8004,14.84567,306.8,box 10,1
2.87:  194.8004,14.84567,306.8,box 10,1
2.87:  194.8004,14.84567,306.8,box 10,1
2.87:  194.8004,14.84567,306.8,box 10,1
2.88:  194.8004,14.84567,306.9,box 10,1
2.88:  194.8004,14.84567,306.9,box 10,1
2.88:  194.8004,14.84567,306.9,box 10,1
2.88:  194.8004,14.84567,306.9,box 10,1
2.89:  194.8004,14.84567,306.9,box 10,1
2.89:  194.8004,14.84567,306.9,box 10,1
2.89:  194.8004,14.84567,306.9,box 10,1
2.9:  194.8004,14.84567,306.9,box 10,1
2.9:  194.8004,14.84567,306.9,box 10,1
2.9:  194.8004,14.84567,306.9,box 10,1
2.9:  194.8004,14.84567,306.9,box 10,1
2.91:  194.8004,14.84567,307,box 10,1
2.91:  194.8004,14.84567,307,box 10,1
2.91:  194.8004,14.84567,307.2,box 10,1
2.92:  194.8004,14.84567,307.2,box 10,1
2.92:  194.8004,14.84567,307.2,box 10,1
2.92:  194.8004,14.84567,307.5,box 10,1
2.92:  194.8004,14.84567,307.5,box 10,1
2.93:  194.8004,14.84567,307.5,box 10,1
2.93:  194.8004,14.84567,308,box 10,1
2.93:  194.8004,14.84567,308,box 10,1
2.93:  194.8004,14.84567,308,box 10,1
2.94:  194.8004,14.84567,308.8,box 10,1
2.94:  194.8004,14.84567,308.8,box 10,1
2.94:  194.8004,14.84567,308.8,box 10,1
2.95:  194.8004,14.84567,309.8,box 10,1
2.95:  194.8004,14.84567,309.8,box 10,1
2.95:  194.8004,14.84567,311.2,box 10,1
2.96:  194.8004,14.84567,311.2,box 10,1
2.96:  194.8004,14.84567,311.2,box 10,1
2.96:  194.8004,14.84567,312.5,box 10,1
2.97:  194.8004,14.84567,312.5,box 10,1
2.97:  194.8004,14.84567,313.8,box 10,1
2.97:  194.8004,14.84567,313.8,box 10,1
2.98:  194.8004,14.84567,314.9,box 10,1
2.99:  194.8004,14.84567,315.7,box 10,1
2.99:  194.8004,14.84567,315.7,box 10,1
2.99:  194.8004,14.84567,316.1,box 10,1
3:  194.8004,14.84567,316.1,box 10,1
3:  194.8004,14.84567,316.1,box 10,1
3:  194.8004,14.84567,316.3,box 10,1
3.01:  194.8004,14.84567,316.3,box 10,1
3.01:  194.8004,14.84567,316.4,box 10,1
3.02:  194.8004,14.84567,316.4,box 10,1
3.02:  194.8004,14.84567,316.4,box 10,1
3.02:  194.8004,14.84567,316.4,box 10,1
3.03:  194.8004,14.84567,316.4,box 10,1
3.03:  194.8004,14.84567,316.4,box 10,1
3.03:  194.8004,14.84567,316.4,box 10,1
3.04:  194.8004,14.84567,316.4,box 10,1
3.04:  194.8004,14.84567,316.4,box 10,1
3.04:  194.8004,14.84567,316.4,box 10,1
3.05:  194.8004,14.84567,316.4,box 10,1
3.05:  194.8004,14.84567,316.4,box 10,1
3.05:  194.8004,14.84567,316.4,box 10,1
3.06:  194.8004,14.84567,316.4,box 10,1
3.06:  194.8004,14.84567,316.4,box 10,1
3.06:  194.8004,14.84567,316.4,box 10,1
3.07:  194.8004,14.84567,316.4,box 10,1
3.07:  194.8004,14.84567,316.4,box 10,1
3.07:  194.8004,14.84567,316.4,box 10,1
3.08:  194.8004,14.84567,316.4,box 10,1
3.08:  194.8004,14.84567,316.3,box 10,1
3.08:  194.8004,14.84567,316.3,box 10,1
3.09:  194.8004,14.84567,316.3,box 10,1
3.09:  194.8004,14.84567,316.2,box 10,1
3.1:  194.8004,14.84567,316.2,box 10,1
3.1:  194.8004,14.84567,316.1,box 10,1
3.1:  194.8004,14.84567,316.1,box 10,1
3.11:  194.8004,14.84567,316,box 10,1
3.11:  194.8004,14.84567,316,box 10,1
3.12:  194.8004,14.84567,315.8,box 10,1
3.12:  194.8004,14.84567,315.8,box 10,1
3.12:  194.8004,14.84567,315.7,box 10,1
3.13:  194.8004,14.84567,315.7,box 10,1
3.13:  194.8004,14.84567,315.5,box 10,1
3.13:  194.8004,14.84567,315.5,box 10,1
3.14:  194.8004,14.84567,315.3,box 10,1
3.14:  194.8004,14.84567,315.3,box 10,1
3.15:  194.8004,14.84567,315.1,box 10,1
3.15:  194.8004,14.84567,315.1,box 10,1
3.15:  194.8004,14.84567,315.1,box 10,1
3.16:  194.8004,14.84567,314.8,box 10,1
3.16:  194.8004,14.84567,314.8,box 10,1
3.16:  194.8004,14.84567,314.4,box 10,1
3.17:  194.8004,14.84567,314.4,box 10,1
3.17:  194.8004,14.84567,313.8,box 10,1
3.17:  194.8004,14.84567,313.8,box 10,1
3.18:  194.8004,14.84567,313.1,box 10,1
3.19:  194.8004,14.84567,312.4,box 10,1
3.19:  194.8004,14.84567,312.4,box 10,1
3.19:  194.8004,14.84567,312.4,box 10,1
3.2:  194.8004,14.84567,311.6,box 10,1
3.2:  194.8004,14.84567,311.6,box 10,1
3.2:  194.8004,14.84567,310.9,box 10,1
3.21:  194.8004,14.84567,310.9,box 10,1
3.21:  194.8004,14.84567,310.3,box 10,1
3.21:  194.8004,14.84567,310.3,box 10,1
3.22:  194.8004,14.84567,309.8,box 10,1
3.22:  194.8004,14.84567,309.8,box 10,1
3.22:  194.8004,14.84567,309.8,box 10,1
3.23:  194.8004,14.84567,309.4,box 10,1
3.23:  194.8004,14.84567,309.4,box 10,1
3.23:  194.8004,14.84567,309.4,box 10,1
3.23:  194.8004,14.84567,309.3,box 10,1
3.24:  194.8004,14.84567,309.3,box 10,1
3.24:  194.8004,14.84567,309.2,box 10,1
3.25:  194.8004,14.84567,309.2,box 10,1
3.25:  194.8004,14.84567,309.2,box 10,1
3.25:  194.8004,14.84567,309.2,box 10,1
3.25:  194.8004,14.84567,309.2,box 10,1
3.26:  194.8004,14.84567,309.2,box 10,1
3.26:  194.8004,14.84567,309.2,box 10,1
3.26:  194.8004,14.84567,309.2,box 10,1
3.26:  194.8004,14.84567,309.2,box 10,1
3.27:  194.8004,14.84567,309.2,box 10,1
3.27:  194.8004,14.84567,309.2,box 10,1
3.27:  194.8004,14.84567,309.2,box 10,1
3.27:  194.8004,14.84567,309.2,box 10,1
3.27:  194.8004,14.84567,309.2,box 10,1
3.28:  194.8004,14.84567,309.2,box 10,1
3.28:  194.8004,14.84567,309.2,box 10,1
3.28:  194.8004,14.84567,309.2,box 10,1
3.28:  194.8004,14.84567,309.2,box 10,1
3.29:  194.8004,14.84567,309.2,box 10,1
3.29:  194.8004,14.84567,309.2,box 10,1
3.29:  194.8004,14.84567,309.2,box 10,1
3.29:  194.8004,14.84567,309.2,box 10,1
3.3:  194.8004,14.84567,309.2,box 10,1
3.3:  194.8004,14.84567,309.4,box 10,1
3.3:  194.8004,14.84567,309.4,box 10,1
3.3:  194.8004,14.84567,309.4,box 10,1
3.31:  194.8004,14.84567,309.7,box 10,1
3.31:  194.8004,14.84567,309.7,box 10,1
3.31:  194.8004,14.84567,309.8,box 10,1
3.32:  194.8004,14.84567,309.8,box 10,1
3.32:  194.8004,14.84567,309.8,box 10,1
3.32:  194.8004,14.84567,310.1,box 10,1
3.33:  194.8004,14.84567,310.1,box 10,1
3.33:  194.8004,14.84567,310.2,box 10,1
3.33:  194.8004,14.84567,310.2,box 10,1
3.33:  194.8004,14.84567,310.2,box 10,1
3.34:  194.8004,14.84567,310.2,box 10,1
3.34:  194.8004,14.84567,310.4,box 10,1
3.34:  194.8004,14.84567,310.4,box 10,1
3.34:  194.8004,14.84567,310.4,box 10,1
3.35:  194.8004,14.84567,310.5,box 10,1
3.35:  194.8004,14.84567,310.5,box 10,1
3.35:  194.8004,14.84567,310.5,box 10,1
3.35:  194.8004,14.84567,310.8,box 10,1
3.36:  194.8004,14.84567,310.8,box 10,1
3.36:  194.8004,14.84567,310.9,box 10,1
3.36:  194.8004,14.84567,310.9,box 10,1
3.37:  194.8004,14.84567,310.9,box 10,1
3.37:  194.8004,14.84567,311.1,box 10,1
3.37:  194.8004,14.84567,311.1,box 10,1
3.38:  194.8004,14.84567,311.1,box 10,1
3.38:  194.8004,14.84567,311.3,box 10,1
3.38:  194.8004,14.84567,311.3,box 10,1
3.39:  194.8004,14.84567,311.5,box 10,1
3.39:  194.8004,14.84567,311.5,box 10,1
3.39:  194.8004,14.84567,311.5,box 10,1
3.4:  194.8004,14.84567,311.7,box 10,1
3.4:  194.8004,14.84567,311.7,box 10,1
3.4:  194.8004,14.84567,311.9,box 10,1
3.4:  194.8004,14.84567,311.9,box 10,1
3.41:  194.8004,14.84567,311.9,box 10,1
3.41:  194.8004,14.84567,312.3,box 10,1
3.41:  194.8004,14.84567,312.3,box 10,1
3.42:  194.8004,14.84567,312.3,box 10,1
3.42:  194.8004,14.84567,312.6,box 10,1
3.42:  194.8004,14.84567,312.6,box 10,1
3.43:  194.8004,14.84567,312.9,box 10,1
3.43:  194.8004,14.84567,312.9,box 10,1
3.43:  194.8004,14.84567,313,box 10,1
3.44:  194.8004,14.84567,313,box 10,1
3.44:  194.8004,14.84567,313,box 10,1
3.44:  194.8004,14.84567,313,box 10,1
3.44:  194.8004,14.84567,313.1,box 10,1
3.45:  194.8004,14.84567,313.1,box 10,1
3.45:  194.8004,14.84567,313.1,box 10,1
3.45:  194.8004,14.84567,313.1,box 10,1
3.45:  194.8004,14.84567,313.1,box 10,1
3.46:  194.8004,14.84567,313.1,box 10,1
3.46:  194.8004,14.84567,313.2,box 10,1
3.46:  194.8004,14.84567,313.2,box 10,1
3.46:  194.8004,14.84567,313.2,box 10,1
3.47:  194.8004,14.84567,313.2,box 10,1
3.47:  194.8004,14.84567,313.2,box 10,1
3.47:  194.8004,14.84567,313.2,box 10,1
3.47:  194.8004,14.84567,313.2,box 10,1
3.48:  194.8004,14.84567,313.2,box 10,1
3.48:  194.8004,14.84567,313.2,box 10,1
3.48:  194.8004,14.84567,313.2,box 10,1
3.48:  194.8004,14.84567,313.2,box 10,1
3.49:  194.8004,14.84567,313.2,box 10,1
3.49:  194.8004,14.84567,313.2,box 10,1
3.49:  194.8004,14.84567,313.2,box 10,1
3.5:  194.8004,14.84567,313.2,box 10,1
3.5:  194.8004,14.84567,313.2,box 10,1
3.5:  194.8004,14.84567,313.2,box 10,1
3.5:  194.8004,14.84567,313.2,box 10,1
3.51:  194.8004,14.84567,313.2,box 10,1
3.51:  194.8004,14.84567,313.2,box 10,1
3.51:  194.8004,14.84567,313.2,box 10,1
3.51:  194.8004,14.84567,313.2,box 10,1
3.52:  194.8004,14.84567,313.2,box 10,1
3.52:  194.8004,14.84567,313.2,box 10,1
3.52:  194.8004,14.84567,313.2,box 10,1
3.53:  194.8004,14.84567,313.2,box 10,1
3.53:  194.8004,14.84567,313.2,box 10,1
3.53:  194.8004,14.84567,313.2,box 10,1
3.53:  194.8004,14.84567,313.2,box 10,1
3.54:  194.8004,14.84567,313.2,box 10,1
3.54:  194.8004,14.84567,313.2,box 10,1
3.54:  194.8004,14.84567,313.2,box 10,1
3.54:  194.8004,14.84567,313.2,box 10,1
3.55:  194.8004,14.84567,313,box 10,1
3.55:  194.8004,14.84567,313,box 10,1
3.55:  194.8004,14.84567,313,box 10,1
3.56:  194.8004,14.84567,312.8,box 10,1
3.56:  194.8004,14.84567,312.8,box 10,1
3.56:  194.8004,14.84567,312.6,box 10,1
3.56:  194.8004,14.84567,312.6,box 10,1
3.57:  194.8004,14.84567,312.6,box 10,1
3.57:  194.8004,14.84567,312.4,box 10,1
3.57:  194.8004,14.84567,312.4,box 10,1
3.57:  194.8004,14.84567,312.4,box 10,1
3.58:  194.8004,14.84567,312.2,box 10,1
3.58:  194.8004,14.84567,312.2,box 10,1
3.58:  194.8004,14.84567,312.2,box 10,1
3.59:  194.8004,14.84567,312,box 10,1
3.59:  194.8004,14.84567,312,box 10,1
3.6:  194.8004,14.84567,311.8,box 10,1
3.6:  194.8004,14.84567,311.8,box 10,1
3.6:  194.8004,14.84567,311.6,box 10,1
3.6:  194.8004,14.84567,311.6,box 10,1
3.61:  194.8004,14.84567,311.6,box 10,1
3.61:  194.8004,14.84567,311.5,box 10,1
3.61:  194.8004,14.84567,311.5,box 10,1
3.61:  194.8004,14.84567,311.5,box 10,1
3.62:  194.8004,14.84567,311.4,box 10,1
3.62:  194.8004,14.84567,311.4,box 10,1
3.62:  194.8004,14.84567,311.4,box 10,1
3.63:  194.8004,14.84567,311.4,box 10,1
3.63:  194.8004,14.84567,311.4,box 10,1
3.63:  194.8004,14.84567,311.4,box 10,1
3.63:  194.8004,14.84567,311.4,box 10,1
3.64:  194.8004,14.84567,311.4,box 10,1
3.64:  194.8004,14.84567,311.4,box 10,1
3.65:  194.8004,14.84567,311.3,box 10,1
3.65:  194.8004,14.84567,311.3,box 10,1
3.65:  194.8004,14.84567,311.3,box 10,1
3.65:  194.8004,14.84567,311.3,box 10,1
3.66:  194.8004,14.84567,311.3,box 10,1
3.66:  194.8004,14.84567,311.3,box 10,1
3.66:  194.8004,14.84567,311.3,box 10,1
3.67:  194.8004,14.84567,311.3,box 10,1
3.67:  194.8004,14.84567,311.3,box 10,1
3.67:  194.8004,14.84567,311.3,box 10,1
3.68:  194.8004,14.84567,311.3,box 10,1
3.69:  194.8004,14.84567,311.3,box 10,1
3.69:  194.8004,14.84567,311.3,box 10,1
3.69:  194.8004,14.84567,311.3,box 10,1
3.7:  194.8004,14.84567,311.3,box 10,1
3.7:  194.8004,14.84567,311.3,box 10,1
3.7:  194.8004,14.84567,311.3,box 10,1
3.7:  194.8004,14.84567,311.3,box 10,1
3.71:  194.8004,14.84567,311.3,box 10,1
3.71:  194.8004,14.84567,311.3,box 10,1
3.71:  194.8004,14.84567,311.3,box 10,1
3.72:  194.8004,14.84567,311.3,box 10,1
3.72:  194.8004,14.84567,311.3,box 10,1
3.72:  194.8004,14.84567,311.3,box 10,1
3.72:  194.8004,14.84567,311.3,box 10,1
3.73:  194.8004,14.84567,311.3,box 10,1
3.73:  194.8004,14.84567,311.3,box 10,1
3.73:  194.8004,14.84567,311.3,box 10,1
3.73:  194.8004,14.84567,311.3,box 10,1
3.74:  194.8004,14.84567,311.3,box 10,1
3.74:  194.8004,14.84567,311.3,box 10,1
3.74:  194.8004,14.84567,311.3,box 10,1
3.74:  194.8004,14.84567,311.3,box 10,1
3.75:  194.8004,14.84567,311.3,box 10,1
