0.02:  216.6446,192.1361,179.6,
ParticipantNo: Zach
Time for Trials (seconds): 60
Controller type: Keyboard and Mouse
Repetition?: Full
DSPType: 1
Encoding Tours: 2
!!1_dsp1_02
0.01:  174.2,171.2,285.6,
0.02:  174.2,171.2,285.6,box 2,2
0.03:  174.2,171.2,285.6,box 2,2
0.04:  174.2,171.2,285.6,box 2,2
0.05:  174.2,171.2,285.6,box 2,2
0.06:  174.2,171.2,285.6,box 2,2
0.07:  174.2,171.2,285.6,box 2,2
0.08:  174.2,171.2,285.6,box 2,2
0.09:  174.2,171.2,285.6,box 2,2
0.1:  174.2,171.2,285.6,box 2,2
0.11:  174.2,171.2,285.6,box 2,2
0.13:  174.2,171.2,285.7,box 2,2
0.14:  174.2,171.2,285.7,box 2,2
0.14:  174.2,171.2,285.7,box 2,2
0.15:  174.2,171.2,285.7,box 2,2
0.16:  174.2,171.2,285.7,box 2,2
0.17:  174.2,171.2,285.7,box 2,2
0.18:  174.2,171.2,285.7,box 2,2
0.19:  174.2,171.2,285.8,box 2,2
0.21:  174.2,171.2,286.2,box 2,2
0.22:  174.2,171.2,286.3,box 2,2
0.23:  174.2,171.2,286.5,box 2,2
0.24:  174.2,171.2,286.6,box 2,2
0.25:  174.2,171.2,286.7,box 2,2
0.26:  174.2,171.2,287,box 2,2
0.27:  174.2,171.2,287,box 2,2
0.28:  174.2,171.2,287.1,box 2,2
0.29:  174.2,171.2,287.1,box 2,2
0.3:  174.2,171.2,287.1,box 2,2
0.31:  174.2,171.2,287.1,box 2,2
0.31:  174.2,171.2,287.1,box 2,2
0.32:  174.2,171.2,287.1,box 2,2
0.33:  174.2,171.2,287.1,box 2,2
0.34:  174.2,171.2,287.1,box 2,2
0.35:  174.2,171.2,287.1,box 2,2
0.36:  174.2,171.2,287.1,box 2,2
0.37:  174.2,171.2,287.1,box 2,2
0.38:  174.2,171.2,287.1,box 2,2
0.39:  174.2,171.2,287.1,box 2,2
0.4:  174.2,171.2,287.1,box 2,2
0.41:  174.2,171.2,287.1,box 2,2
0.42:  174.2,171.2,287.1,box 2,2
0.42:  174.2,171.2,287.1,box 2,2
0.43:  174.2,171.2,287.1,box 2,2
0.44:  174.2,171.2,287.1,box 2,2
0.45:  174.2,171.2,287.1,box 2,2
0.46:  174.2,171.2,287.1,box 2,2
0.47:  174.2,171.2,287.1,box 2,2
0.48:  174.2,171.2,287.1,box 2,2
0.49:  174.2,171.2,287.1,box 2,2
0.5:  174.2,171.2,287.1,box 2,2
0.52:  174.2,171.2,287.1,box 2,2
0.53:  174.2,171.2,287.1,box 2,2
0.54:  174.2,171.2,287.1,box 2,2
0.55:  174.2,171.2,287.1,box 2,2
0.56:  174.2,171.2,287.1,box 2,2
0.57:  174.2,171.2,287.1,box 2,2
0.59:  174.2,171.2,287,box 2,2
0.6:  174.2,171.2,287,box 2,2
0.61:  174.2,171.2,286.9,box 2,2
0.62:  174.2,171.2,286.9,box 2,2
0.63:  174.2,171.2,286.8,box 2,2
0.64:  174.2,171.2,286.8,box 2,2
0.64:  174.2,171.2,286.6,box 2,2
0.65:  174.2,171.2,286.4,box 2,2
0.66:  174.2,171.2,286.2,box 2,2
0.67:  174.2,171.2,286,box 2,2
0.68:  174.2,171.2,285.5,box 2,2
0.69:  174.2,171.2,285.3,box 2,2
0.7:  174.2,171.2,285.1,box 2,2
0.71:  174.2,171.2,284.9,box 2,2
0.72:  174.2,171.2,284.5,box 2,2
0.74:  174.2,171.2,284.3,box 2,2
0.75:  174.2,171.2,284,box 2,2
0.76:  174.2,171.2,283.5,box 2,2
0.77:  174.2,171.2,283.3,box 2,2
0.78:  174.2,171.2,283.1,box 2,2
0.79:  174.2,171.2,282.8,box 2,2
0.8:  174.2,171.2,282.7,box 2,2
0.81:  174.2,171.2,282.6,box 2,2
0.82:  174.2,171.2,282.5,box 2,2
0.83:  174.2,171.2,282.4,box 2,2
0.84:  174.2,171.2,282.3,box 2,2
0.85:  174.2,171.2,282.3,box 2,2
0.86:  174.2,171.2,282.2,box 2,2
0.86:  174.2,171.2,282.2,box 2,2
0.87:  174.2,171.2,282.1,box 2,2
0.88:  174.2,171.2,282.1,box 2,2
0.89:  174.2,171.2,282.1,box 2,2
0.9:  174.2,171.2,282,box 2,2
0.91:  174.2,171.2,282,box 2,2
0.92:  174.2,171.2,282,box 2,2
0.93:  174.2,171.2,282,box 2,2
0.94:  174.2,171.2,281.9,box 2,2
0.95:  174.2,171.2,281.9,box 2,2
0.96:  174.2,171.2,281.9,box 2,2
0.97:  174.2,171.2,281.9,box 2,2
0.98:  174.2,171.2,281.9,box 2,2
0.99:  174.2,171.2,281.9,box 2,2
1:  174.2,171.2,281.9,box 2,2
1:  174.2,171.2,281.9,box 2,2
1.01:  174.2,171.2,281.9,box 2,2
1.02:  174.2,171.2,281.9,box 2,2
1.03:  174.2,171.2,281.9,box 2,2
1.04:  174.2,171.2,281.9,box 2,2
1.05:  174.2,171.2,281.9,box 2,2
1.06:  174.2,171.2,281.9,box 2,2
1.07:  174.2,171.2,281.9,box 2,2
1.08:  174.2,171.2,281.9,box 2,2
1.09:  174.2,171.2,281.9,box 2,2
1.1:  174.2,171.2,281.9,box 2,2
1.11:  174.2,171.2,281.9,box 2,2
1.12:  174.2,171.2,281.9,box 2,2
1.13:  174.2,171.2,281.9,box 2,2
1.14:  174.2,171.2,281.9,box 2,2
1.15:  174.2,171.2,281.9,box 2,2
1.15:  174.2,171.2,281.9,box 2,2
1.16:  174.2,171.2,281.9,box 2,2
1.17:  174.2,171.2,281.9,box 2,2
1.18:  174.2,171.2,281.9,box 2,2
1.2:  174.2,171.2,281.9,box 2,2
1.2:  174.2,171.2,281.9,box 2,2
1.21:  174.2,171.2,281.9,box 2,2
1.22:  174.2,171.2,281.9,box 2,2
1.23:  174.2,171.2,281.9,box 2,2
1.24:  174.2,171.2,281.9,box 2,2
1.25:  174.2,171.2,281.9,box 2,2
1.26:  174.2,171.2,281.9,box 2,2
1.27:  174.2,171.2,281.9,box 2,2
1.28:  174.2,171.2,281.9,box 2,2
1.29:  174.2,171.2,281.9,box 2,2
1.3:  174.2,171.2,281.9,box 2,2
1.31:  174.2,171.2,281.9,box 2,2
1.32:  174.2,171.2,281.9,box 2,2
1.33:  174.2,171.2,281.9,box 2,2
1.33:  174.2,171.2,281.9,box 2,2
1.34:  174.2,171.2,281.9,box 2,2
1.35:  174.2,171.2,281.9,box 2,2
1.36:  174.2,171.2,281.9,box 2,2
1.37:  174.2,171.2,281.9,box 2,2
1.38:  174.2,171.2,281.9,box 2,2
1.39:  174.2,171.2,281.9,box 2,2
1.4:  174.2,171.2,281.9,box 2,2
1.41:  174.2,171.2,281.9,box 2,2
1.42:  174.2,171.2,281.9,box 2,2
1.43:  174.2,171.2,281.9,box 2,2
1.44:  174.2,171.2,281.9,box 2,2
1.45:  174.2,171.2,281.9,box 2,2
1.46:  174.2,171.2,281.9,box 2,2
1.46:  174.2,171.2,281.9,box 2,2
1.47:  174.2,171.2,281.9,box 2,2
1.48:  174.2,171.2,281.9,box 2,2
1.49:  174.2,171.2,281.9,box 2,2
1.5:  174.2,171.2,281.9,box 2,2
1.51:  174.2,171.2,281.9,box 2,2
1.52:  174.2,171.2,281.9,box 2,2
1.53:  174.2,171.2,281.9,box 2,2
1.53:  174.2,171.2,281.9,box 2,2
1.54:  174.2,171.2,281.9,box 2,2
1.55:  174.1944,171.2012,281.9,box 2,2
1.57:  174.1845,171.2033,281.9,box 2,2
1.57:  174.1716,171.206,281.9,box 2,2
1.58:  174.1546,171.2095,281.9,box 2,2
1.59:  174.1312,171.2145,281.9,box 2,2
1.6:  174.1071,171.2196,281.9,box 2,2
1.61:  174.0775,171.2258,281.9,box 2,2
1.62:  174.0437,171.2329,281.9,box 2,2
1.63:  174.0008,171.242,281.9,box 2,2
1.64:  173.9614,171.2503,281.9,box 2,2
1.65:  173.9148,171.2601,281.9,box 2,2
1.66:  173.8635,171.2709,281.9,box 2,2
1.67:  173.8141,171.2813,281.9,box 2,2
1.68:  173.762,171.2923,281.9,box 2,2
1.69:  173.7093,171.3034,281.9,box 2,2
1.7:  173.6503,171.3158,281.9,box 2,2
1.71:  173.5889,171.3288,281.9,box 2,2
1.71:  173.5226,171.3428,281.9,box 2,2
1.73:  173.4299,171.3623,281.9,box 2,2
1.74:  173.3521,171.3787,281.9,box 2,2
1.74:  173.2726,171.3954,281.9,box 2,2
1.76:  173.1699,171.4171,281.9,box 2,2
1.76:  173.0838,171.4352,281.9,box 2,2
1.77:  172.9933,171.4543,281.9,box 2,2
1.78:  172.8942,171.4752,281.9,box 2,2
1.79:  172.7832,171.4986,281.9,box 2,2
1.8:  172.6601,171.5245,281.9,box 2,2
1.81:  172.5287,171.5522,281.9,box 2,2
1.83:  172.3549,171.5888,281.9,box 2,2
1.84:  172.245,171.612,281.9,box 2,2
1.85:  172.1302,171.6362,281.9,box 2,2
1.85:  172.0106,171.6614,281.9,box 2,2
1.86:  171.8797,171.689,281.9,box 2,2
1.87:  171.7545,171.7153,281.9,box 2,2
1.88:  171.6134,171.7451,281.9,box 2,2
1.89:  171.4741,171.7744,281.9,box 2,2
1.9:  171.3378,171.8031,281.9,box 2,2
1.91:  171.2056,171.831,281.9,box 2,2
1.92:  171.0594,171.8618,281.9,box 2,2
1.93:  170.9219,171.8908,281.9,box 2,2
1.94:  170.7909,171.9184,281.9,box 2,2
1.95:  170.6468,171.9488,281.9,box 2,2
1.96:  170.512,171.9772,281.9,box 2,2
1.97:  170.39,172.0029,281.9,box 2,2
1.97:  170.2635,172.0296,281.9,box 2,2
1.98:  170.1322,172.0572,281.9,box 2,2
2:  169.9522,172.0951,281.9,box 2,2
2:  169.8361,172.1196,281.9,box 2,2
2.01:  169.7237,172.1433,281.9,box 2,2
2.02:  169.6006,172.1692,281.9,box 2,2
2.03:  169.4801,172.1946,281.9,box 2,2
2.04:  169.3735,172.2171,281.9,box 2,2
2.05:  169.2704,172.2388,281.9,box 2,2
2.06:  169.1474,172.2647,281.9,box 2,2
2.07:  169.0567,172.2839,281.9,box 2,2
2.08:  168.9519,172.306,281.9,box 2,2
2.09:  168.8488,172.3277,281.9,box 2,2
2.1:  168.7619,172.346,281.9,box 2,2
2.11:  168.6821,172.3628,281.9,box 2,2
2.12:  168.5995,172.3802,281.9,box 2,2
2.13:  168.5289,172.3951,281.9,box 2,2
2.14:  168.4615,172.4093,281.9,box 2,2
2.15:  168.395,172.4233,281.9,box 2,2
2.16:  168.3303,172.437,281.9,box 2,2
2.17:  168.2767,172.4482,281.9,box 2,2
2.18:  168.2233,172.4595,281.9,box 2,2
2.19:  168.1685,172.471,281.9,box 2,2
2.2:  168.1169,172.4819,281.9,box 2,2
2.21:  168.0749,172.4908,281.9,box 2,2
2.22:  168.0248,172.5013,281.9,box 2,2
2.23:  167.9954,172.5075,281.9,box 2,2
2.24:  167.9654,172.5138,281.9,box 2,2
2.26:  167.939,172.5194,281.9,box 2,2
2.26:  167.9215,172.5231,281.9,box 2,2
2.27:  167.9081,172.5259,281.9,box 2,2
2.28:  167.8984,172.528,281.9,box 2,2
2.29:  167.8928,172.5291,281.9,box 2,2
2.3:  167.8907,172.5296,281.9,box 2,2
2.31:  167.8907,172.5296,281.9,box 2,2
2.32:  167.8907,172.5296,281.9,box 2,2
2.33:  167.8907,172.5296,281.9,box 2,2
2.34:  167.8907,172.5296,281.9,box 2,2
2.35:  167.8907,172.5296,281.9,box 2,2
2.36:  167.8907,172.5296,281.9,box 2,2
2.37:  167.8907,172.5296,281.9,box 2,2
2.38:  167.8907,172.5296,281.9,box 2,2
2.39:  167.8907,172.5296,281.9,box 2,2
2.4:  167.8907,172.5296,281.9,box 2,2
2.41:  167.8907,172.5296,281.9,box 2,2
2.42:  167.8907,172.5296,281.9,box 2,2
2.43:  167.8907,172.5296,281.9,box 2,2
2.44:  167.8907,172.5296,281.9,box 2,2
2.44:  167.8907,172.5296,281.9,box 2,2
2.45:  167.8907,172.5296,281.9,box 2,2
2.46:  167.8907,172.5296,281.9,box 2,2
2.47:  167.8907,172.5296,281.9,box 2,2
2.49:  167.8907,172.5296,281.9,box 2,2
2.5:  167.8907,172.5296,281.9,box 2,2
2.51:  167.8907,172.5296,281.9,box 2,2
2.52:  167.8907,172.5296,281.9,box 2,2
2.53:  167.8907,172.5296,281.9,box 2,2
2.54:  167.8907,172.5296,281.9,box 2,2
2.55:  167.8907,172.5296,281.9,box 2,2
2.56:  167.8907,172.5296,281.9,box 2,2
2.57:  167.8907,172.5296,281.9,box 2,2
2.58:  167.8907,172.5296,281.9,box 2,2
2.59:  167.8907,172.5296,281.8,box 2,2
2.6:  167.8907,172.5296,281.8,box 2,2
2.61:  167.8907,172.5296,281.8,box 2,2
2.62:  167.8907,172.5296,281.8,box 2,2
2.63:  167.8907,172.5296,281.8,box 2,2
2.64:  167.8907,172.5296,281.8,box 2,2
2.65:  167.8907,172.5296,281.8,box 2,2
2.66:  167.8907,172.5296,281.8,box 2,2
2.67:  167.8907,172.5296,281.8,box 2,2
2.68:  167.8907,172.5296,281.8,box 2,2
2.69:  167.8907,172.5296,281.8,box 2,2
2.7:  167.8907,172.5296,281.7,box 2,2
2.71:  167.8907,172.5296,281.7,box 2,2
2.72:  167.8907,172.5296,281.7,box 2,2
2.73:  167.8907,172.5296,281.7,box 2,2
2.74:  167.8907,172.5296,281.7,box 2,2
2.75:  167.8907,172.5296,281.7,box 2,2
2.76:  167.8907,172.5296,281.7,box 2,2
2.77:  167.8907,172.5296,281.7,box 2,2
2.78:  167.8907,172.5296,281.7,box 2,2
2.79:  167.8907,172.5296,281.7,box 2,2
2.8:  167.8907,172.5296,281.7,box 2,2
2.81:  167.8907,172.5296,281.7,box 2,2
2.82:  167.8907,172.5296,281.7,box 2,2
2.83:  167.8907,172.5296,281.7,box 2,2
2.84:  167.8907,172.5296,281.7,box 2,2
2.85:  167.8907,172.5296,281.7,box 2,2
2.87:  167.8907,172.5296,281.7,box 2,2
2.88:  167.8907,172.5296,281.7,box 2,2
2.89:  167.8907,172.5296,281.7,box 2,2
2.9:  167.8907,172.5296,281.7,box 2,2
2.91:  167.8907,172.5296,281.7,box 2,2
2.91:  167.8907,172.5296,281.7,box 2,2
2.93:  167.8907,172.5296,281.7,box 2,2
2.94:  167.8907,172.5296,281.7,box 2,2
2.95:  167.8907,172.5296,281.7,box 2,2
2.96:  167.8907,172.5296,281.7,box 2,2
2.97:  167.8907,172.5296,281.7,box 2,2
2.98:  167.8907,172.5296,281.7,box 2,2
2.99:  167.8907,172.5296,281.7,box 2,2
3:  167.8907,172.5296,281.7,box 2,2
3.01:  167.8907,172.5296,281.7,box 2,2
3.02:  167.8907,172.5296,281.7,box 2,2
3.03:  167.8907,172.5296,281.7,box 2,2
3.04:  167.8907,172.5296,281.7,box 2,2
3.05:  167.8907,172.5296,281.7,box 2,2
3.06:  167.8907,172.5296,281.7,box 2,2
3.07:  167.8907,172.5296,281.7,box 2,2
3.08:  167.8907,172.5296,281.7,box 2,2
3.09:  167.8907,172.5296,281.7,box 2,2
3.1:  167.8907,172.5296,281.7,box 2,2
3.11:  167.8907,172.5296,281.7,box 2,2
3.12:  167.8907,172.5296,281.7,box 2,2
3.13:  167.8907,172.5296,281.7,box 2,2
3.13:  167.8907,172.5296,281.7,box 2,2
3.15:  167.8907,172.5296,281.7,box 2,2
3.16:  167.8907,172.5296,281.7,box 2,2
3.17:  167.8907,172.5296,281.7,box 2,2
3.18:  167.8907,172.5296,281.7,box 2,2
3.19:  167.8907,172.5296,281.7,box 2,2
3.2:  167.8907,172.5296,281.7,box 2,2
3.21:  167.8907,172.5296,281.7,box 2,2
3.22:  167.8907,172.5296,281.7,box 2,2
3.23:  167.8907,172.5296,281.7,box 2,2
3.24:  167.8907,172.5296,281.7,box 2,2
3.25:  167.8907,172.5296,281.7,box 2,2
3.26:  167.8907,172.5296,281.7,box 2,2
3.27:  167.8907,172.5296,281.7,box 2,2
3.28:  167.8907,172.5296,281.7,box 2,2
3.29:  167.8907,172.5296,281.7,box 2,2
3.31:  167.8907,172.5296,281.7,box 2,2
3.32:  167.8907,172.5296,281.7,box 2,2
3.33:  167.8907,172.5296,281.7,box 2,2
3.33:  167.8907,172.5296,281.7,box 2,2
3.35:  167.8907,172.5296,281.6,box 2,2
3.36:  167.8907,172.5296,281.6,box 2,2
3.37:  167.8907,172.5296,281.6,box 2,2
3.38:  167.8907,172.5296,281.6,box 2,2
3.39:  167.8907,172.5296,281.6,box 2,2
3.39:  167.8907,172.5296,281.6,box 2,2
3.4:  167.8907,172.5296,281.6,box 2,2
3.41:  167.8907,172.5296,281.6,box 2,2
3.42:  167.8907,172.5296,281.6,box 2,2
3.43:  167.8907,172.5296,281.6,box 2,2
3.44:  167.8907,172.5296,281.6,box 2,2
3.45:  167.8907,172.5296,281.6,box 2,2
3.46:  167.8907,172.5296,281.6,box 2,2
3.47:  167.8907,172.5296,281.6,box 2,2
3.48:  167.8907,172.5296,281.6,box 2,2
3.49:  167.8907,172.5296,281.6,box 2,2
3.5:  167.8907,172.5296,281.6,box 2,2
3.51:  167.8907,172.5296,281.6,box 2,2
3.52:  167.8907,172.5296,281.6,box 2,2
3.53:  167.8907,172.5296,281.6,box 2,2
3.54:  167.8907,172.5296,281.6,box 2,2
3.55:  167.8907,172.5296,281.6,box 2,2
3.57:  167.8907,172.5296,281.6,box 2,2
3.58:  167.8907,172.5296,281.6,box 2,2
3.59:  167.8907,172.5296,281.6,box 2,2
3.6:  167.8907,172.5296,281.6,box 2,2
3.61:  167.8907,172.5296,281.6,box 2,2
3.62:  167.8907,172.5296,281.6,box 2,2
3.62:  167.8907,172.5296,281.6,box 2,2
3.63:  167.8907,172.5296,281.6,box 2,2
3.64:  167.8907,172.5296,281.6,box 2,2
3.65:  167.8907,172.5296,281.6,box 2,2
3.67:  167.8907,172.5296,281.6,box 2,2
3.68:  167.8907,172.5296,281.6,box 2,2
3.69:  167.8907,172.5296,281.6,box 2,2
3.7:  167.8907,172.5296,281.6,box 2,2
3.71:  167.8907,172.5296,281.6,box 2,2
3.72:  167.8907,172.5296,281.6,box 2,2
3.73:  167.8907,172.5296,281.6,box 2,2
3.74:  167.8907,172.5296,281.6,box 2,2
3.75:  167.8907,172.5296,281.6,box 2,2
3.76:  167.8907,172.5296,281.6,box 2,2
3.77:  167.8907,172.5296,281.6,box 2,2
3.78:  167.8907,172.5296,281.6,box 2,2
3.79:  167.8907,172.5296,281.6,box 2,2
3.8:  167.8907,172.5296,281.6,box 2,2
3.81:  167.8907,172.5296,281.6,box 2,2
3.82:  167.8907,172.5296,281.6,box 2,2
3.84:  167.8907,172.5296,281.6,box 2,2
3.85:  167.8907,172.5296,281.6,box 2,2
3.86:  167.8907,172.5296,281.6,box 2,2
3.87:  167.8907,172.5296,281.6,box 2,2
3.88:  167.8907,172.5296,281.6,box 2,2
3.89:  167.8907,172.5296,281.6,box 2,2
3.89:  167.8907,172.5296,281.6,box 2,2
3.9:  167.8907,172.5296,281.6,box 2,2
3.91:  167.8907,172.5296,281.6,box 2,2
3.92:  167.8907,172.5296,281.6,box 2,2
3.93:  167.8907,172.5296,281.6,box 2,2
3.94:  167.8907,172.5296,281.6,box 2,2
3.95:  167.8907,172.5296,281.6,box 2,2
3.96:  167.8907,172.5296,281.6,box 2,2
3.97:  167.8907,172.5296,281.6,box 2,2
3.98:  167.8907,172.5296,281.6,box 2,2
3.99:  167.8907,172.5296,281.6,box 2,2
4:  167.8907,172.5296,281.6,box 2,2
4.01:  167.8907,172.5296,281.6,box 2,2
4.02:  167.8907,172.5296,281.6,box 2,2
4.04:  167.8907,172.5296,281.6,box 2,2
4.04:  167.8907,172.5296,281.6,box 2,2
4.05:  167.8907,172.5296,281.6,box 2,2
4.06:  167.8907,172.5296,281.6,box 2,2
4.07:  167.8907,172.5296,281.6,box 2,2
4.08:  167.8907,172.5296,281.6,box 2,2
4.1:  167.8907,172.5296,281.6,box 2,2
4.11:  167.8907,172.5296,281.6,box 2,2
4.12:  167.8907,172.5296,281.5,box 2,2
4.13:  167.8907,172.5296,281.5,box 2,2
4.14:  167.8907,172.5296,281.4,box 2,2
4.15:  167.8907,172.5296,281.4,box 2,2
4.15:  167.8907,172.5296,281.4,box 2,2
4.17:  167.8907,172.5296,281.3,box 2,2
4.17:  167.8907,172.5296,281.3,box 2,2
4.18:  167.8907,172.5296,281.3,box 2,2
4.2:  167.8907,172.5296,281.2,box 2,2
4.21:  167.8907,172.5296,281.1,box 2,2
4.22:  167.8907,172.5296,281.1,box 2,2
4.22:  167.8907,172.5296,281.1,box 2,2
4.24:  167.8907,172.5296,281,box 2,2
4.25:  167.8907,172.5296,281,box 2,2
4.26:  167.8907,172.5296,281,box 2,2
4.27:  167.8907,172.5296,281,box 2,2
4.28:  167.8907,172.5296,281,box 2,2
4.29:  167.8907,172.5296,281,box 2,2
4.3:  167.8907,172.5296,281,box 2,2
4.31:  167.8907,172.5296,280.9,box 2,2
4.32:  167.8907,172.5296,280.9,box 2,2
4.33:  167.8907,172.5296,280.9,box 2,2
4.34:  167.8907,172.5296,280.9,box 2,2
4.34:  167.8907,172.5296,280.8,box 2,2
4.35:  167.8907,172.5296,280.8,box 2,2
4.36:  167.8907,172.5296,280.8,box 2,2
4.37:  167.8907,172.5296,280.8,box 2,2
4.38:  167.8907,172.5296,280.8,box 2,2
4.39:  167.8907,172.5296,280.8,box 2,2
4.4:  167.8907,172.5296,280.8,box 2,2
4.41:  167.8907,172.5296,280.8,box 2,2
4.42:  167.8907,172.5296,280.8,box 2,2
4.43:  167.8907,172.5296,280.7,box 2,2
4.44:  167.8907,172.5296,280.7,box 2,2
4.45:  167.8907,172.5296,280.7,box 2,2
4.46:  167.8907,172.5296,280.7,box 2,2
4.47:  167.8907,172.5296,280.6,box 2,2
4.48:  167.8907,172.5296,280.6,box 2,2
4.5:  167.8907,172.5296,280.5,box 2,2
4.5:  167.8907,172.5296,280.5,box 2,2
4.51:  167.8907,172.5296,280.5,box 2,2
4.52:  167.8907,172.5296,280.4,box 2,2
4.53:  167.8907,172.5296,280.4,box 2,2
4.54:  167.8907,172.5296,280.4,box 2,2
4.55:  167.8907,172.5296,280.4,box 2,2
4.56:  167.8907,172.5296,280.4,box 2,2
4.57:  167.8907,172.5296,280.3,box 2,2
4.58:  167.8907,172.5296,280.3,box 2,2
4.59:  167.8907,172.5296,280.3,box 2,2
4.6:  167.8907,172.5296,280.3,box 2,2
4.61:  167.8907,172.5296,280.2,box 2,2
4.62:  167.8907,172.5296,280.2,box 2,2
4.63:  167.8907,172.5296,280.1,box 2,2
4.64:  167.8907,172.5296,280.1,box 2,2
4.65:  167.8907,172.5296,280,box 2,2
4.66:  167.8907,172.5296,280,box 2,2
4.67:  167.8907,172.5296,280,box 2,2
4.68:  167.8907,172.5296,280,box 2,2
4.69:  167.8907,172.5296,280,box 2,2
4.7:  167.8907,172.5296,280,box 2,2
4.71:  167.8907,172.5296,280,box 2,2
4.73:  167.8907,172.5296,279.9,box 2,2
4.73:  167.8907,172.5296,279.9,box 2,2
4.75:  167.8907,172.5296,279.9,box 2,2
4.76:  167.8907,172.5296,279.9,box 2,2
4.77:  167.8907,172.5296,279.9,box 2,2
4.78:  167.8907,172.5296,279.9,box 2,2
4.78:  167.8907,172.5296,279.9,box 2,2
4.8:  167.8907,172.5296,279.9,box 2,2
4.81:  167.8907,172.5296,279.9,box 2,2
4.82:  167.8907,172.5296,279.9,box 2,2
4.83:  167.8907,172.5296,279.9,box 2,2
4.84:  167.8907,172.5296,279.9,box 2,2
4.85:  167.8907,172.5296,279.9,box 2,2
4.86:  167.8907,172.5296,279.9,box 2,2
4.87:  167.8907,172.5296,279.9,box 2,2
4.88:  167.8907,172.5296,279.9,box 2,2
4.89:  167.8907,172.5296,279.9,box 2,2
4.9:  167.8907,172.5296,279.9,box 2,2
4.91:  167.8907,172.5296,279.9,box 2,2
4.92:  167.8907,172.5296,279.9,box 2,2
4.93:  167.8907,172.5296,279.9,box 2,2
4.93:  167.8907,172.5296,279.9,box 2,2
4.94:  167.8907,172.5296,279.9,box 2,2
4.96:  167.8907,172.5296,279.9,box 2,2
4.97:  167.8907,172.5296,279.9,box 2,2
4.97:  167.8907,172.5296,279.9,box 2,2
4.98:  167.8907,172.5296,279.9,box 2,2
4.99:  167.8907,172.5296,279.9,box 2,2
5:  167.8907,172.5296,279.9,box 2,2
5.01:  167.8907,172.5296,279.9,box 2,2
5.02:  167.8907,172.5296,279.9,box 2,2
5.03:  167.8907,172.5296,279.9,box 2,2
5.04:  167.8907,172.5296,279.9,box 2,2
5.05:  167.8907,172.5296,279.9,box 2,2
5.06:  167.8907,172.5296,279.9,box 2,2
5.07:  167.8907,172.5296,279.9,box 2,2
5.08:  167.8907,172.5296,279.9,box 2,2
5.09:  167.8907,172.5296,279.9,box 2,2
5.1:  167.8907,172.5296,279.9,box 2,2
5.11:  167.8907,172.5296,279.9,box 2,2
!!2_dsp1_13
0.01:  32.2,31.9,287.4,box 1,0 
0.02:  32.2,31.9,287.4,box 1,0 
0.03:  32.2,31.9,287.4,box 1,0 
0.03:  32.2,31.9,287.4,box 9,9
0.04:  32.2,31.9,287.4,box 9,9
0.05:  32.2,31.9,287.4,box 9,9
0.06:  32.2,31.9,287.4,box 9,9
0.07:  32.2,31.9,287.4,box 9,9
0.08:  32.2,31.9,287.4,box 9,9
0.08:  32.2,31.9,287.4,box 9,9
0.09:  32.2,31.9,287.5,box 9,9
0.1:  32.2,31.9,287.5,box 9,9
0.11:  32.2,31.9,287.5,box 9,9
0.12:  32.2,31.9,287.5,box 9,9
0.12:  32.2,31.9,287.5,box 9,9
0.13:  32.2,31.9,287.5,box 9,9
0.14:  32.2,31.9,287.5,box 9,9
0.15:  32.2,31.9,287.5,box 9,9
0.15:  32.2,31.9,287.5,box 9,9
0.16:  32.2,31.9,287.5,box 9,9
0.17:  32.2,31.9,287.5,box 9,9
0.18:  32.2,31.9,287.5,box 9,9
0.19:  32.2,31.9,287.5,box 9,9
0.19:  32.2,31.9,287.5,box 9,9
0.2:  32.2,31.9,287.5,box 9,9
0.21:  32.2,31.9,287.5,box 9,9
0.22:  32.2,31.9,287.5,box 9,9
0.23:  32.2,31.9,287.5,box 9,9
0.24:  32.2,31.9,287.5,box 9,9
0.24:  32.2,31.9,287.5,box 9,9
0.25:  32.2,31.9,287.5,box 9,9
0.26:  32.2,31.9,287.5,box 9,9
0.27:  32.2,31.9,287.5,box 9,9
0.28:  32.2,31.9,287.5,box 9,9
0.29:  32.2,31.9,287.5,box 9,9
0.29:  32.2,31.9,287.5,box 9,9
0.3:  32.2,31.9,287.5,box 9,9
0.31:  32.2,31.9,287.5,box 9,9
0.32:  32.2,31.9,287.5,box 9,9
0.33:  32.2,31.9,287.5,box 9,9
0.34:  32.2,31.9,287.5,box 9,9
0.35:  32.2,31.9,287.5,box 9,9
0.35:  32.2,31.9,287.5,box 9,9
0.36:  32.2,31.9,287.5,box 9,9
0.37:  32.2,31.9,287.5,box 9,9
0.38:  32.2,31.9,287.5,box 9,9
0.38:  32.2,31.9,287.5,box 9,9
0.39:  32.2,31.9,287.5,box 9,9
0.4:  32.2,31.9,287.5,box 9,9
0.41:  32.2,31.9,287.5,box 9,9
0.41:  32.2,31.9,287.5,box 9,9
0.42:  32.2,31.9,287.5,box 9,9
0.43:  32.2,31.9,287.5,box 9,9
0.44:  32.2,31.9,287.5,box 9,9
0.44:  32.2,31.9,287.5,box 9,9
0.45:  32.2,31.9,287.5,box 9,9
0.46:  32.2,31.9,287.5,box 9,9
0.47:  32.2,31.9,287.5,box 9,9
0.48:  32.2,31.9,287.5,box 9,9
0.49:  32.2,31.9,287.5,box 9,9
0.5:  32.2,31.9,287.5,box 9,9
0.51:  32.2,31.9,287.5,box 9,9
0.52:  32.2,31.9,287.5,box 9,9
0.52:  32.2,31.9,287.5,box 9,9
0.53:  32.2,31.9,287.5,box 9,9
0.54:  32.2,31.9,287.5,box 9,9
0.55:  32.2,31.9,287.5,box 9,9
0.56:  32.2,31.9,287.5,box 9,9
0.57:  32.2,31.9,287.5,box 9,9
0.57:  32.2,31.9,287.5,box 9,9
0.58:  32.2,31.9,287.5,box 9,9
0.59:  32.2,31.9,287.5,box 9,9
0.6:  32.2,31.9,287.5,box 9,9
0.61:  32.2,31.9,287.6,box 9,9
0.62:  32.2,31.9,287.7,box 9,9
0.62:  32.2,31.9,288,box 9,9
0.63:  32.2,31.9,288.2,box 9,9
0.64:  32.2,31.9,288.8,box 9,9
0.65:  32.2,31.9,289.1,box 9,9
0.66:  32.2,31.9,289.4,box 9,9
0.67:  32.2,31.9,289.7,box 9,9
0.68:  32.2,31.9,290,box 9,9
0.69:  32.2,31.9,290.6,box 9,9
0.7:  32.2,31.9,291.1,box 9,9
0.71:  32.2,31.9,291.4,box 9,9
0.72:  32.2,31.9,291.7,box 9,9
0.73:  32.2,31.9,292.2,box 9,9
0.74:  32.2,31.9,292.5,box 9,9
0.75:  32.2,31.9,293.1,box 9,9
0.75:  32.2,31.9,293.3,box 9,9
0.76:  32.2,31.9,293.7,box 9,9
0.77:  32.2,31.9,294,box 9,9
0.78:  32.2,31.9,294.3,box 9,9
0.79:  32.2,31.9,294.6,box 9,9
0.79:  32.2,31.9,294.8,box 9,9
0.81:  32.2,31.9,295.1,box 9,9
0.82:  32.2,31.9,295.4,box 9,9
0.83:  32.2,31.9,295.9,box 9,9
0.84:  32.2,31.9,296.1,box 9,9
0.85:  32.2,31.9,296.3,box 9,9
0.86:  32.2,31.9,296.5,box 9,9
0.86:  32.2,31.9,296.7,box 9,9
0.87:  32.2,31.9,296.9,box 9,9
0.88:  32.2,31.9,297,box 9,9
0.89:  32.2,31.9,297.3,box 9,9
0.9:  32.2,31.9,297.5,box 9,9
0.91:  32.2,31.9,297.7,box 9,9
0.93:  32.2,31.9,297.8,box 9,9
0.93:  32.2,31.9,298,box 9,9
0.94:  32.2,31.9,298.1,box 9,9
0.95:  32.2,31.9,298.2,box 9,9
0.96:  32.2,31.9,298.2,box 9,9
0.97:  32.2,31.9,298.3,box 9,9
0.98:  32.2,31.9,298.3,box 9,9
0.99:  32.2,31.9,298.4,box 9,9
1:  32.2,31.9,298.4,box 9,9
1:  32.2,31.9,298.4,box 9,9
1.01:  32.2,31.9,298.4,box 9,9
1.02:  32.2,31.9,298.5,box 9,9
1.03:  32.2,31.9,298.5,box 9,9
1.04:  32.2,31.9,298.5,box 9,9
1.05:  32.2,31.9,298.6,box 9,9
1.05:  32.2,31.9,298.6,box 9,9
1.06:  32.2,31.9,298.6,box 9,9
1.07:  32.2,31.9,298.7,box 9,9
1.08:  32.2,31.9,298.7,box 9,9
1.09:  32.2,31.9,298.8,box 9,9
1.1:  32.2,31.9,298.8,box 9,9
1.12:  32.2,31.9,299,box 9,9
1.12:  32.2,31.9,299,box 9,9
1.13:  32.2,31.9,299.1,box 9,9
1.14:  32.2,31.9,299.1,box 9,9
1.15:  32.2,31.9,299.2,box 9,9
1.16:  32.2,31.9,299.2,box 9,9
1.17:  32.2,31.9,299.3,box 9,9
1.18:  32.2,31.9,299.3,box 9,9
1.19:  32.2,31.9,299.3,box 9,9
1.19:  32.2,31.9,299.3,box 9,9
1.21:  32.2,31.9,299.4,box 9,9
1.21:  32.2,31.9,299.4,box 9,9
1.22:  32.2,31.9,299.4,box 9,9
1.23:  32.2,31.9,299.4,box 9,9
1.24:  32.2,31.9,299.4,box 9,9
1.25:  32.2,31.9,299.4,box 9,9
1.26:  32.2,31.9,299.4,box 9,9
1.27:  32.2,31.9,299.4,box 9,9
1.28:  32.2,31.9,299.4,box 9,9
1.29:  32.2,31.9,299.4,box 9,9
1.3:  32.2,31.9,299.4,box 9,9
1.3:  32.2,31.9,299.4,box 9,9
1.31:  32.2,31.9,299.4,box 9,9
1.32:  32.2,31.9,299.4,box 9,9
1.33:  32.2,31.9,299.5,box 9,9
1.34:  32.2,31.9,299.5,box 9,9
1.35:  32.2,31.9,299.5,box 9,9
1.36:  32.2,31.9,299.5,box 9,9
1.37:  32.2,31.9,299.5,box 9,9
1.37:  32.2,31.9,299.5,box 9,9
1.38:  32.2,31.9,299.5,box 9,9
1.39:  32.2,31.9,299.5,box 9,9
1.4:  32.2,31.9,299.5,box 9,9
1.41:  32.2,31.9,299.5,box 9,9
1.41:  32.2,31.9,299.5,box 9,9
1.42:  32.2,31.9,299.5,box 9,9
1.43:  32.2,31.9,299.5,box 9,9
1.44:  32.2,31.9,299.5,box 9,9
1.46:  32.2,31.9,299.5,box 9,9
1.46:  32.2,31.9,299.5,box 9,9
1.47:  32.2,31.9,299.5,box 9,9
1.48:  32.2,31.9,299.5,box 9,9
1.49:  32.2,31.9,299.5,box 9,9
1.5:  32.2,31.9,299.5,box 9,9
1.51:  32.2,31.9,299.5,box 9,9
1.51:  32.2,31.9,299.5,box 9,9
1.53:  32.2,31.9,299.5,box 9,9
1.54:  32.2,31.9,299.5,box 9,9
1.55:  32.2,31.9,299.5,box 9,9
1.56:  32.2,31.9,299.5,box 9,9
1.56:  32.2,31.9,299.5,box 9,9
1.57:  32.2,31.9,299.5,box 9,9
1.58:  32.2,31.9,299.5,box 9,9
1.59:  32.2,31.9,299.5,box 9,9
1.6:  32.2,31.9,299.5,box 9,9
1.61:  32.2,31.9,299.5,box 9,9
1.62:  32.2,31.9,299.5,box 9,9
1.62:  32.2,31.9,299.5,box 9,9
1.63:  32.2,31.9,299.5,box 9,9
1.64:  32.2,31.9,299.5,box 9,9
1.65:  32.2,31.9,299.5,box 9,9
1.66:  32.2,31.9,299.5,box 9,9
1.66:  32.2,31.9,299.5,box 9,9
1.67:  32.2,31.9,299.5,box 9,9
1.68:  32.2,31.9,299.5,box 9,9
1.69:  32.2,31.9,299.5,box 9,9
1.7:  32.2,31.9,299.5,box 9,9
1.7:  32.2,31.9,299.5,box 9,9
1.71:  32.2,31.9,299.5,box 9,9
1.72:  32.2,31.9,299.5,box 9,9
1.73:  32.2,31.9,299.5,box 9,9
1.73:  32.2,31.9,299.5,box 9,9
1.74:  32.2,31.9,299.5,box 9,9
1.75:  32.2,31.9,299.5,box 9,9
1.76:  32.2,31.9,299.5,box 9,9
1.77:  32.2,31.9,299.5,box 9,9
1.77:  32.2,31.9,299.5,box 9,9
1.78:  32.2,31.9,299.5,box 9,9
1.79:  32.2,31.9,299.5,box 9,9
1.8:  32.2,31.9,299.5,box 9,9
1.81:  32.2,31.9,299.5,box 9,9
1.82:  32.2,31.9,299.5,box 9,9
1.83:  32.2,31.9,299.5,box 9,9
1.84:  32.2,31.9,299.5,box 9,9
1.84:  32.2,31.9,299.5,box 9,9
1.85:  32.2,31.9,299.5,box 9,9
1.86:  32.2,31.9,299.5,box 9,9
!!3_dsp1_14
