ParticipantNo: 9999
Time for Trials (seconds): 60
Controller type: Arrows Only
Repetition?: Full
DSPType: 1
Encoding Tours: 0
!!1_dsp1_24
!!1_dsp1_24
0:  131.5,152.1,180,
0.01:  131.5,152.1,180,
0.01:  131.5,152.1,180,
0.01:  131.5,152.1,180,
0.02:  131.5,152.1,180,box 3,4
0.02:  131.5,152.1,180,box 3,4
0.02:  131.5,152.1,180,box 3,4
0.03:  131.5,152.1,180,box 3,4
0.03:  131.5,152.1,180,box 3,4
0.03:  131.5,152.1,180,box 3,4
0.04:  131.5,152.1,180,box 3,4
0.04:  131.5,152.1,180,box 3,4
0.04:  131.5,152.1,180,box 3,4
0.05:  131.5,152.1,180,box 3,4
0.05:  131.5,152.1,180,box 3,4
0.05:  131.5,152.1,180,box 3,4
0.06:  131.5,152.1,180,box 3,4
0.06:  131.5,152.1,180,box 3,4
0.07:  131.5,152.1,180,box 3,4
0.07:  131.5,152.1,180,box 3,4
0.07:  131.5,152.1,180,box 3,4
0.08:  131.5,152.1,180,box 3,4
0.08:  131.5,152.1,180,box 3,4
0.08:  131.5,152.1,180,box 3,4
0.09:  131.5,152.1,180,box 3,4
0.09:  131.5,152.1,180,box 3,4
0.09:  131.5,152.1,180,box 3,4
0.1:  131.5,152.1,180,box 3,4
0.1:  131.5,152.1,180,box 3,4
0.1:  131.5,152.1,180,box 3,4
0.11:  131.5,152.1,180,box 3,4
0.11:  131.5,152.1,180,box 3,4
0.11:  131.5,152.1,180,box 3,4
0.12:  131.5,152.1,180,box 3,4
0.12:  131.5,152.1,180,box 3,4
0.12:  131.5,152.1,180,box 3,4
0.12:  131.5,152.1,180,box 3,4
0.13:  131.5,152.1,180,box 3,4
0.13:  131.5,152.1,180,box 3,4
0.13:  131.5,152.1,180,box 3,4
0.14:  131.5,152.1,180,box 3,4
0.14:  131.5,152.1,180,box 3,4
0.14:  131.5,152.1,180,box 3,4
0.15:  131.5,152.1,180,box 3,4
0.15:  131.5,152.1,180,box 3,4
0.15:  131.5,152.1,180,box 3,4
0.16:  131.5,152.1,180,box 3,4
0.16:  131.5,152.1,180,box 3,4
0.16:  131.5,152.1,180,box 3,4
0.17:  131.5,152.1,180,box 3,4
0.17:  131.5,152.1,180,box 3,4
0.17:  131.5,152.1,180,box 3,4
0.18:  131.5,152.1,180,box 3,4
0.18:  131.5,152.1,180,box 3,4
0.18:  131.5,152.1,180,box 3,4
0.19:  131.5,152.1,180,box 3,4
0.19:  131.5,152.1,180,box 3,4
0.19:  131.5,152.1,180,box 3,4
0.19:  131.5,152.1,180,box 3,4
0.2:  131.5,152.1,180,box 3,4
0.2:  131.5,152.1,180,box 3,4
0.2:  131.5,152.1,180,box 3,4
0.21:  131.5,152.1,180,box 3,4
0.21:  131.5,152.1,180,box 3,4
0.21:  131.5,152.1,180,box 3,4
0.21:  131.5,152.1,180,box 3,4
0.22:  131.5,152.1,180,box 3,4
0.22:  131.5,152.1,180,box 3,4
0.22:  131.5,152.1,180,box 3,4
0.23:  131.5,152.1,180,box 3,4
0.23:  131.5,152.1,180,box 3,4
0.23:  131.5,152.1,180,box 3,4
0.24:  131.5,152.1,180,box 3,4
0.24:  131.5,152.1,180,box 3,4
0.24:  131.5,152.1,180,box 3,4
0.25:  131.5,152.1,180,box 3,4
0.25:  131.5,152.1,180,box 3,4
0.25:  131.5,152.1,180,box 3,4
0.25:  131.5,152.1,180,box 3,4
0.26:  131.5,152.1,180,box 3,4
0.26:  131.5,152.1,180,box 3,4
0.26:  131.5,152.1,180,box 3,4
0.27:  131.5,152.1,180,box 3,4
0.27:  131.5,152.1,180,box 3,4
0.27:  131.5,152.1,180,box 3,4
0.28:  131.5,152.1,180,box 3,4
0.28:  131.5,152.1,180,box 3,4
0.28:  131.5,152.1,180,box 3,4
0.29:  131.5,152.1,180,box 3,4
0.29:  131.5,152.1,180,box 3,4
0.3:  131.5,152.1,180,box 3,4
0.3:  131.5,152.1,180,box 3,4
0.3:  131.5,152.1,180,box 3,4
0.3:  131.5,152.1,180,box 3,4
0.31:  131.5,152.1,180,box 3,4
0.31:  131.5,152.1,180,box 3,4
0.32:  131.5,152.1,180,box 3,4
0.32:  131.5,152.1,180,box 3,4
0.32:  131.5,152.1,180,box 3,4
0.33:  131.5,152.1,180,box 3,4
0.33:  131.5,152.1,180,box 3,4
0.33:  131.5,152.1,180,box 3,4
0.33:  131.5,152.1,180,box 3,4
0.34:  131.5,152.1,180,box 3,4
0.34:  131.5,152.1,180,box 3,4
0.34:  131.5,152.1,180,box 3,4
0.35:  131.5,152.1,180,box 3,4
0.35:  131.5,152.1,180,box 3,4
0.35:  131.5,152.1,180,box 3,4
0.36:  131.5,152.1,180,box 3,4
0.36:  131.5,152.1,180,box 3,4
0.36:  131.5,152.1,180,box 3,4
0.37:  131.5,152.1,180,box 3,4
0.37:  131.5,152.1,180,box 3,4
0.37:  131.5,152.1,180,box 3,4
0.38:  131.5,152.1,180,box 3,4
0.38:  131.5,152.1,180,box 3,4
0.38:  131.5,152.1,180,box 3,4
0.39:  131.5,152.1,180,box 3,4
0.39:  131.5,152.1,180,box 3,4
0.39:  131.5,152.1,180,box 3,4
0.4:  131.5,152.1,180,box 3,4
0.4:  131.5,152.1,180,box 3,4
0.4:  131.5,152.1,180,box 3,4
0.4:  131.5,152.1,180,box 3,4
0.41:  131.5,152.1,180,box 3,4
0.41:  131.5,152.1,180,box 3,4
0.41:  131.5,152.1,180,box 3,4
0.42:  131.5,152.1,180,box 3,4
0.42:  131.5,152.1,180,box 3,4
0.42:  131.5,152.1,180,box 3,4
0.43:  131.5,152.1,180,box 3,4
0.43:  131.5,152.1,180,box 3,4
0.43:  131.5,152.1,180,box 3,4
0.43:  131.5,152.1,180,box 3,4
0.44:  131.5,152.1,180,box 3,4
0.44:  131.5,152.1,180,box 3,4
0.44:  131.5,152.1,180,box 3,4
0.45:  131.5,152.1,180,box 3,4
0.45:  131.5,152.1,180,box 3,4
0.45:  131.5,152.1,180,box 3,4
0.45:  131.5,152.1,180,box 3,4
0.46:  131.5,152.1,180,box 3,4
0.46:  131.5,152.1,180,box 3,4
0.46:  131.5,152.1,180,box 3,4
0.47:  131.5,152.1,180,box 3,4
0.47:  131.5,152.1,180,box 3,4
0.47:  131.5,152.1,180,box 3,4
0.48:  131.5,152.1,180,box 3,4
0.48:  131.5,152.1,180,box 3,4
0.48:  131.5,152.1,180,box 3,4
0.49:  131.5,152.1,180,box 3,4
0.49:  131.5,152.1,180,box 3,4
0.49:  131.5,152.1,180,box 3,4
0.5:  131.5,152.1,180,box 3,4
0.5:  131.5,152.1,180,box 3,4
0.5:  131.5,152.1,180,box 3,4
0.51:  131.5,152.1,180,box 3,4
0.51:  131.5,152.1,180,box 3,4
0.51:  131.5,152.1,180,box 3,4
0.52:  131.5,152.1,180,box 3,4
0.52:  131.5,152.1,180,box 3,4
0.52:  131.5,152.1,180,box 3,4
0.53:  131.5,152.1,180,box 3,4
0.53:  131.5,152.1,180,box 3,4
0.53:  131.5,152.1,180,box 3,4
0.53:  131.5,152.1,180,box 3,4
0.54:  131.5,152.1,180,box 3,4
0.54:  131.5,152.1,180,box 3,4
0.54:  131.5,152.1,180,box 3,4
0.55:  131.5,152.1,180,box 3,4
0.55:  131.5,152.1,180,box 3,4
0.55:  131.5,152.1,180,box 3,4
0.55:  131.5,152.1,180,box 3,4
0.56:  131.5,152.1,180,box 3,4
0.56:  131.5,152.1,180,box 3,4
0.56:  131.5,152.1,180,box 3,4
0.57:  131.5,152.1,180,box 3,4
0.57:  131.5,152.1,180,box 3,4
0.57:  131.5,152.1,180,box 3,4
0.58:  131.5,152.1,180,box 3,4
0.58:  131.5,152.1,180,box 3,4
0.58:  131.5,152.1,180,box 3,4
0.59:  131.5,152.1,180,box 3,4
0.59:  131.5,152.1,180,box 3,4
0.59:  131.5,152.1,180,box 3,4
0.6:  131.5,152.1,180,box 3,4
0.6:  131.5,152.1,180,box 3,4
0.6:  131.5,152.1,180,box 3,4
0.61:  131.5,152.1,180,box 3,4
0.61:  131.5,152.1,180,box 3,4
0.61:  131.5,152.1,180,box 3,4
0.62:  131.5,152.1,180,box 3,4
0.62:  131.5,152.1,180,box 3,4
0.62:  131.5,152.1,180,box 3,4
0.63:  131.5,152.1,180,box 3,4
0.63:  131.5,152.1,180,box 3,4
0.63:  131.5,152.1,180,box 3,4
0.64:  131.5,152.1,180,box 3,4
0.64:  131.5,152.1,180,box 3,4
0.64:  131.5,152.1,180,box 3,4
0.65:  131.5,152.1,180,box 3,4
0.65:  131.5,152.1,180,box 3,4
0.65:  131.5,152.1,180,box 3,4
0.65:  131.5,152.1,180,box 3,4
0.66:  131.5,152.1,180,box 3,4
0.66:  131.5,152.1,180,box 3,4
0.66:  131.5,152.1,180,box 3,4
0.67:  131.5,152.1,180,box 3,4
0.67:  131.5,152.1,180,box 3,4
0.67:  131.5,152.1,180,box 3,4
0.68:  131.5,152.1,180,box 3,4
0.68:  131.5,152.1,180,box 3,4
0.68:  131.5,152.1,180,box 3,4
0.69:  131.5,152.1,180,box 3,4
0.69:  131.5,152.1,180,box 3,4
0.7:  131.5,152.1,180,box 3,4
0.7:  131.5,152.1,180,box 3,4
0.7:  131.5,152.1,180,box 3,4
0.71:  131.5,152.1,180,box 3,4
0.71:  131.5,152.1,180,box 3,4
0.71:  131.5,152.1,180,box 3,4
0.72:  131.5,152.1,180,box 3,4
0.72:  131.5,152.1,180,box 3,4
0.72:  131.5,152.1,180,box 3,4
0.73:  131.5,152.1,180,box 3,4
0.73:  131.5,152.1,180,box 3,4
0.73:  131.5,152.1,180,box 3,4
0.74:  131.5,152.1,180,box 3,4
0.74:  131.5,152.1,180,box 3,4
0.74:  131.5,152.1,180,box 3,4
0.75:  131.5,152.1,180,box 3,4
0.75:  131.5,152.1,180,box 3,4
0.75:  131.5,152.1,180,box 3,4
0.75:  131.5,152.1,180,box 3,4
0.76:  131.5,152.1,180,box 3,4
0.76:  131.5,152.1,180,box 3,4
0.76:  131.5,152.1,180,box 3,4
0.77:  131.5,152.1,180,box 3,4
0.77:  131.5,152.1,180,box 3,4
0.77:  131.5,152.1,180,box 3,4
0.77:  131.5,152.1,180,box 3,4
0.78:  131.5,152.1,180,box 3,4
0.78:  131.5,152.1,180,box 3,4
0.78:  131.5,152.1,180,box 3,4
0.79:  131.5,152.1,180,box 3,4
0.79:  131.5,152.1,180,box 3,4
0.8:  131.5,152.1,180,box 3,4
0.8:  131.5,152.1,180,box 3,4
0.8:  131.5,152.1,180,box 3,4
0.8:  131.5,152.1,180,box 3,4
0.81:  131.5,152.1,180,box 3,4
0.81:  131.5,152.1,180,box 3,4
0.82:  131.5,152.1,180,box 3,4
0.82:  131.5,152.1,180,box 3,4
0.82:  131.5,152.1,180,box 3,4
0.82:  131.5,152.1,180,box 3,4
0.83:  131.5,152.1,180,box 3,4
0.83:  131.5,152.1,180,box 3,4
0.83:  131.5,152.1,180,box 3,4
0.84:  131.5,152.1,180,box 3,4
0.84:  131.5,152.1,180,box 3,4
0.84:  131.5,152.1,180,box 3,4
0.85:  131.5,152.1,180,box 3,4
0.85:  131.5,152.1,180,box 3,4
0.85:  131.5,152.1,180,box 3,4
0.85:  131.5,152.1,180,box 3,4
0.86:  131.5,152.1,180,box 3,4
0.86:  131.5,152.1,180,box 3,4
0.86:  131.5,152.1,180,box 3,4
0.87:  131.5,152.1,180,box 3,4
0.87:  131.5,152.1,180,box 3,4
0.87:  131.5,152.1,180,box 3,4
0.87:  131.5,152.1,180,box 3,4
0.88:  131.5,152.1,180,box 3,4
0.88:  131.5,152.1,180,box 3,4
0.88:  131.5,152.1,180,box 3,4
0.89:  131.5,152.1,180,box 3,4
0.89:  131.5,152.1,180,box 3,4
0.9:  131.5,152.1,180,box 3,4
0.9:  131.5,152.1,180,box 3,4
0.9:  131.5,152.1,180,box 3,4
0.91:  131.5,152.1,180,box 3,4
0.91:  131.5,152.1,180,box 3,4
0.91:  131.5,152.1,180,box 3,4
0.92:  131.5,152.1,180,box 3,4
0.92:  131.5,152.1,180,box 3,4
0.92:  131.5,152.1,180,box 3,4
0.93:  131.5,152.1,180,box 3,4
0.93:  131.5,152.1,180,box 3,4
0.93:  131.5,152.1,180,box 3,4
0.94:  131.5,152.1,180,box 3,4
0.94:  131.5,152.1,180,box 3,4
0.94:  131.5,152.1,180,box 3,4
0.95:  131.5,152.1,180,box 3,4
0.95:  131.5,152.1,180,box 3,4
0.95:  131.5,152.1,180,box 3,4
0.96:  131.5,152.1,180,box 3,4
0.96:  131.5,152.1,180,box 3,4
0.96:  131.5,152.1,180,box 3,4
0.96:  131.5,152.1,180,box 3,4
0.97:  131.5,152.1,180,box 3,4
0.97:  131.5,152.1,180,box 3,4
0.97:  131.5,152.1,180,box 3,4
0.98:  131.5,152.1,180,box 3,4
0.98:  131.5,152.1,180,box 3,4
0.98:  131.5,152.1,180,box 3,4
0.98:  131.5,152.1,180,box 3,4
0.99:  131.5,152.1,180,box 3,4
0.99:  131.5,152.1,180,box 3,4
0.99:  131.5,152.1,180,box 3,4
1:  131.5,152.1,180,box 3,4
1:  131.5,152.1,180,box 3,4
1:  131.5,152.1,180,box 3,4
1.01:  131.5,152.1,180,box 3,4
1.01:  131.5,152.1,180,box 3,4
1.02:  131.5,152.1,180,box 3,4
1.02:  131.5,152.1,180,box 3,4
1.02:  131.5,152.1,180,box 3,4
1.03:  131.5,152.1,180,box 3,4
1.03:  131.5,152.1,180,box 3,4
1.03:  131.5,152.1,180,box 3,4
1.04:  131.5,152.1,180,box 3,4
1.04:  131.5,152.1,180,box 3,4
1.04:  131.5,152.1,180,box 3,4
1.05:  131.5,152.1,180,box 3,4
1.05:  131.5,152.1,180,box 3,4
1.05:  131.5,152.1,180,box 3,4
1.06:  131.5,152.1,180,box 3,4
1.06:  131.5,152.1,180,box 3,4
1.06:  131.5,152.1,180,box 3,4
1.07:  131.5,152.1,180,box 3,4
1.07:  131.5,152.1,180,box 3,4
1.07:  131.5,152.1,180,box 3,4
1.08:  131.5,152.1,180,box 3,4
1.08:  131.5,152.1,180,box 3,4
1.08:  131.5,152.1,180,box 3,4
1.08:  131.5,152.1,180,box 3,4
1.09:  131.5,152.1,180,box 3,4
1.09:  131.5,152.1,180,box 3,4
1.1:  131.5,152.1,180,box 3,4
1.1:  131.5,152.1,180,box 3,4
1.1:  131.5,152.1,180,box 3,4
1.11:  131.5,152.1,180,box 3,4
1.11:  131.5,152.1,180,box 3,4
1.11:  131.5,152.1,180,box 3,4
1.12:  131.5,152.1,180,box 3,4
1.12:  131.5,152.1,180,box 3,4
1.12:  131.5,152.1,180,box 3,4
1.13:  131.5,152.1,180,box 3,4
1.13:  131.5,152.1,180,box 3,4
1.13:  131.5,152.1,180,box 3,4
1.14:  131.5,152.1,180,box 3,4
1.14:  131.5,152.1,180,box 3,4
1.14:  131.5,152.1,180,box 3,4
1.15:  131.5,152.1,180,box 3,4
1.15:  131.5,152.1,180,box 3,4
1.15:  131.5,152.1,180,box 3,4
1.16:  131.5,152.1,180,box 3,4
1.16:  131.5,152.1,180,box 3,4
1.16:  131.5,152.1,180,box 3,4
1.17:  131.5,152.1,180,box 3,4
1.17:  131.5,152.1,180,box 3,4
1.17:  131.5,152.1,180,box 3,4
1.17:  131.5,152.1,180,box 3,4
1.18:  131.5,152.1,180,box 3,4
1.18:  131.5,152.1,180,box 3,4
1.18:  131.5,152.1,180,box 3,4
1.19:  131.5,152.1,180,box 3,4
1.19:  131.5,152.1,180,box 3,4
1.19:  131.5,152.1,180,box 3,4
1.2:  131.5,152.1,180,box 3,4
1.2:  131.5,152.1,180,box 3,4
1.2:  131.5,152.1,180,box 3,4
1.21:  131.5,152.1,180,box 3,4
1.21:  131.5,152.1,180,box 3,4
1.21:  131.5,152.1,180,box 3,4
1.21:  131.5,152.1,180,box 3,4
1.22:  131.5,152.1,180,box 3,4
1.22:  131.5,152.1,180,box 3,4
1.23:  131.5,152.1,180,box 3,4
1.23:  131.5,152.1,180,box 3,4
1.23:  131.5,152.1,180,box 3,4
1.24:  131.5,152.1,180,box 3,4
1.24:  131.5,152.1,180,box 3,4
1.24:  131.5,152.1,180,box 3,4
1.25:  131.5,152.1,180,box 3,4
1.25:  131.5,152.1,180,box 3,4
1.25:  131.5,152.1,180,box 3,4
1.26:  131.5,152.1,180,box 3,4
1.26:  131.5,152.1,180,box 3,4
1.26:  131.5,152.1,180,box 3,4
1.27:  131.5,152.1,180,box 3,4
1.27:  131.5,152.1,180,box 3,4
1.27:  131.5,152.1,180,box 3,4
1.28:  131.5,152.1,180,box 3,4
1.28:  131.5,152.1,180,box 3,4
1.28:  131.5,152.1,180,box 3,4
1.28:  131.5,152.1,180,box 3,4
1.29:  131.5,152.1,180,box 3,4
1.29:  131.5,152.1,180,box 3,4
1.29:  131.5,152.1,180,box 3,4
1.3:  131.5,152.1,180,box 3,4
1.3:  131.5,152.1,180,box 3,4
1.31:  131.5,152.1,180,box 3,4
1.31:  131.5,152.1,180,box 3,4
1.31:  131.5,152.1,180,box 3,4
1.31:  131.5,152.1,180,box 3,4
1.32:  131.5,152.1,180,box 3,4
1.32:  131.5,152.1,180,box 3,4
1.32:  131.5,152.1,180,box 3,4
1.33:  131.5,152.1,180,box 3,4
1.33:  131.5,152.1,180,box 3,4
1.33:  131.5,152.1,180,box 3,4
1.34:  131.5,152.1,180,box 3,4
1.34:  131.5,152.1,180,box 3,4
1.34:  131.5,152.1,180,box 3,4
1.35:  131.5,152.1,180,box 3,4
1.35:  131.5,152.1,180,box 3,4
1.35:  131.5,152.1,180,box 3,4
1.36:  131.5,152.1,180,box 3,4
1.36:  131.5,152.1,180,box 3,4
1.36:  131.5,152.1,180,box 3,4
1.37:  131.5,152.1,180,box 3,4
1.37:  131.5,152.1,180,box 3,4
1.37:  131.5,152.1,180,box 3,4
1.38:  131.5,152.1,180,box 3,4
1.38:  131.5,152.1,180,box 3,4
1.38:  131.5,152.1,180,box 3,4
1.39:  131.5,152.1,180,box 3,4
1.39:  131.5,152.1,180,box 3,4
1.39:  131.5,152.1,180,box 3,4
1.4:  131.5,152.1,180,box 3,4
1.4:  131.5,152.1,180,box 3,4
1.4:  131.5,152.1,180,box 3,4
1.4:  131.5,152.1,180,box 3,4
1.41:  131.5,152.1,180,box 3,4
1.41:  131.5,152.1,180,box 3,4
1.41:  131.5,152.1,180,box 3,4
1.42:  131.5,152.1,180,box 3,4
1.42:  131.5,152.1,180,box 3,4
1.42:  131.5,152.1,180,box 3,4
1.43:  131.5,152.1,180,box 3,4
1.43:  131.5,152.1,180,box 3,4
1.43:  131.5,152.1,180,box 3,4
1.44:  131.5,152.1,180,box 3,4
1.44:  131.5,152.1,180,box 3,4
1.44:  131.5,152.1,180,box 3,4
1.45:  131.5,152.1,180,box 3,4
1.45:  131.5,152.1,180,box 3,4
1.45:  131.5,152.1,180,box 3,4
1.46:  131.5,152.1,180,box 3,4
1.46:  131.5,152.1,180,box 3,4
1.46:  131.5,152.1,180,box 3,4
1.47:  131.5,152.1,180,box 3,4
1.47:  131.5,152.1,180,box 3,4
1.47:  131.5,152.1,180,box 3,4
1.48:  131.5,152.1,180,box 3,4
1.48:  131.5,152.1,180,box 3,4
1.48:  131.5,152.1,180,box 3,4
1.49:  131.5,152.1,180,box 3,4
1.49:  131.5,152.1,180,box 3,4
1.49:  131.5,152.1,180,box 3,4
1.5:  131.5,152.1,180,box 3,4
1.5:  131.5,152.1,180,box 3,4
1.5:  131.5,152.1,180,box 3,4
1.51:  131.5,152.1,180,box 3,4
1.51:  131.5,152.1,180,box 3,4
1.51:  131.5,152.1,180,box 3,4
1.52:  131.5,152.1,180,box 3,4
1.52:  131.5,152.1,180,box 3,4
1.52:  131.5,152.1,180,box 3,4
1.53:  131.5,152.1,180,box 3,4
1.53:  131.5,152.1,180,box 3,4
1.53:  131.5,152.1,180,box 3,4
1.53:  131.5,152.1,180,box 3,4
1.54:  131.5,152.1,180,box 3,4
1.54:  131.5,152.1,180,box 3,4
1.54:  131.5,152.1,180,box 3,4
1.55:  131.5,152.1,180,box 3,4
1.55:  131.5,152.1,180,box 3,4
1.55:  131.5,152.1,180,box 3,4
1.56:  131.5,152.1,180,box 3,4
1.56:  131.5,152.1,180,box 3,4
1.56:  131.5,152.1,180,box 3,4
1.57:  131.5,152.1,180,box 3,4
1.57:  131.5,152.1,180,box 3,4
1.57:  131.5,152.1,180,box 3,4
1.58:  131.5,152.1,180,box 3,4
1.58:  131.5,152.1,180,box 3,4
1.58:  131.5,152.1,180,box 3,4
1.59:  131.5,152.1,180,box 3,4
1.59:  131.5,152.1,180,box 3,4
1.59:  131.5,152.1,180,box 3,4
1.6:  131.5,152.1,180,box 3,4
1.6:  131.5,152.1,180,box 3,4
1.6:  131.5,152.1,180,box 3,4
1.61:  131.5,152.1,180,box 3,4
1.61:  131.5,152.1,180,box 3,4
1.61:  131.5,152.1,180,box 3,4
1.62:  131.5,152.1,180,box 3,4
1.62:  131.5,152.1,180,box 3,4
1.62:  131.5,152.1,180,box 3,4
1.63:  131.5,152.1,180,box 3,4
1.63:  131.5,152.1,180,box 3,4
1.63:  131.5,152.1,180,box 3,4
1.64:  131.5,152.1,180,box 3,4
1.64:  131.5,152.1,180,box 3,4
1.64:  131.5,152.1,180,box 3,4
1.64:  131.5,152.1,180,box 3,4
1.65:  131.5,152.1,180,box 3,4
1.65:  131.5,152.1,180,box 3,4
1.65:  131.5,152.1,180,box 3,4
1.66:  131.5,152.1,180,box 3,4
1.66:  131.5,152.1,180,box 3,4
1.66:  131.5,152.1,180,box 3,4
1.67:  131.5,152.1,180,box 3,4
1.67:  131.5,152.1,180,box 3,4
1.68:  131.5,152.1,180,box 3,4
1.68:  131.5,152.1,180,box 3,4
1.68:  131.5,152.1,180,box 3,4
1.69:  131.5,152.1,180,box 3,4
1.69:  131.5,152.1,180,box 3,4
1.69:  131.5,152.1,180,box 3,4
1.7:  131.5,152.1,180,box 3,4
1.7:  131.5,152.1,180,box 3,4
1.71:  131.5,152.1,180,box 3,4
1.71:  131.5,152.1,180,box 3,4
1.71:  131.5,152.1,180,box 3,4
1.72:  131.5,152.1,180,box 3,4
1.72:  131.5,152.1,180,box 3,4
1.72:  131.5,152.1,180,box 3,4
1.73:  131.5,152.1,180,box 3,4
1.73:  131.5,152.1,179.4193,box 3,4
1.74:  131.5,152.1,178.2043,box 3,4
1.74:  131.5,152.1,176.7043,box 3,4
1.74:  131.5,152.1,175.2043,box 3,4
1.75:  131.5,152.1,173.7043,box 3,4
1.75:  131.5,152.1,172.2043,box 3,4
1.75:  131.5,152.1,170.7043,box 3,4
1.76:  131.5,152.1,169.2043,box 3,4
1.76:  131.5,152.1,167.7043,box 3,4
1.76:  131.5,152.1,166.2043,box 3,4
1.77:  131.5,152.1,164.7043,box 3,4
1.77:  131.5,152.1,163.2043,box 3,4
1.77:  131.5,152.1,161.7043,box 3,4
1.78:  131.5,152.1,160.2043,box 3,4
1.78:  131.5,152.1,158.7043,box 3,4
1.78:  131.5,152.1,157.2043,box 3,4
1.79:  131.5,152.1,155.7043,box 3,4
1.79:  131.5,152.1,154.2043,box 3,4
1.79:  131.5,152.1,152.7043,box 3,4
1.8:  131.5,152.1,151.2043,box 3,4
1.8:  131.5,152.1,149.7043,box 3,4
1.8:  131.5,152.1,148.2043,box 3,4
1.81:  131.5,152.1,146.7043,box 3,4
1.81:  131.5,152.1,145.2043,box 3,4
1.81:  131.5,152.1,143.7043,box 3,4
1.82:  131.5,152.1,142.2043,box 3,4
1.82:  131.5,152.1,140.7043,box 3,4
1.82:  131.5,152.1,139.2043,box 3,4
1.82:  131.5,152.1,137.7043,box 3,4
1.83:  131.5,152.1,136.2043,box 3,4
1.83:  131.5,152.1,134.7043,box 3,4
1.83:  131.5,152.1,133.2043,box 3,4
1.84:  131.5,152.1,131.7043,box 3,4
1.84:  131.5,152.1,130.2043,box 3,4
1.84:  131.5,152.1,128.7043,box 3,4
1.84:  131.5,152.1,127.2043,box 3,4
1.85:  131.5,152.1,125.7043,box 3,4
1.85:  131.5,152.1,124.2043,box 3,4
1.85:  131.5,152.1,122.7043,box 3,4
1.85:  131.5,152.1,121.2043,box 3,4
1.86:  131.5,152.1,119.7043,box 3,4
1.86:  131.5,152.1,118.2043,box 3,4
1.86:  131.5,152.1,116.7043,box 3,4
1.86:  131.5,152.1,115.2043,box 3,4
1.87:  131.5,152.1,113.7043,box 3,4
1.87:  131.5,152.1,112.2043,box 3,4
1.87:  131.5,152.1,110.7043,box 3,4
1.87:  131.5,152.1,109.2043,box 3,4
1.88:  131.5,152.1,107.7043,box 3,4
1.88:  131.5,152.1,106.2043,box 3,4
1.88:  131.5,152.1,104.7043,box 3,4
1.89:  131.5,152.1,103.2043,box 3,4
1.89:  131.5,152.1,101.7043,box 3,4
1.89:  131.5,152.1,100.2043,box 3,4
1.9:  131.5,152.1,98.70428,box 3,4
1.9:  131.5,152.1,97.20428,box 3,4
1.9:  131.5,152.1,95.70428,box 3,4
1.91:  131.5,152.1,94.20427,box 3,4
1.91:  131.5,152.1,92.70428,box 3,4
1.91:  131.5,152.1,91.20428,box 3,4
1.92:  131.5,152.1,89.70427,box 3,4
1.92:  131.5,152.1,88.20427,box 3,4
1.92:  131.5,152.1,86.70428,box 3,4
1.93:  131.5,152.1,85.20428,box 3,4
1.93:  131.5,152.1,83.70427,box 3,4
1.93:  131.5,152.1,82.20428,box 3,4
1.93:  131.5,152.1,80.70427,box 3,4
1.94:  131.5,152.1,79.20428,box 3,4
1.94:  131.5,152.1,77.70428,box 3,4
1.94:  131.5,152.1,76.20428,box 3,4
1.94:  131.5,152.1,74.70428,box 3,4
1.95:  131.5,152.1,73.20428,box 3,4
1.95:  131.5,152.1,71.70428,box 3,4
1.95:  131.5,152.1,70.20428,box 3,4
1.95:  131.5,152.1,68.70428,box 3,4
1.96:  131.5,152.1,67.23152,box 3,4
1.96:  131.5,152.1,65.79227,box 3,4
1.96:  131.5,152.1,64.37736,box 3,4
1.96:  131.5,152.1,62.98393,box 3,4
1.97:  131.5,152.1,61.61279,box 3,4
1.97:  131.5,152.1,60.26598,box 3,4
1.97:  131.5,152.1,58.94371,box 3,4
1.97:  131.5,152.1,57.64672,box 3,4
1.98:  131.5,152.1,56.3739,box 3,4
1.98:  131.5,152.1,55.12594,box 3,4
1.98:  131.5,152.1,53.89986,box 3,4
1.99:  131.5,152.1,52.69748,box 3,4
1.99:  131.5,152.1,51.51814,box 3,4
1.99:  131.5,152.1,50.36401,box 3,4
1.99:  131.5,152.1,49.23327,box 3,4
2:  131.5,152.1,48.1271,box 3,4
2:  131.5,152.1,47.04775,box 3,4
2:  131.5,152.1,46.00267,box 3,4
2.01:  131.5013,152.1013,45.00072,box 3,4
2.01:  131.5024,152.1024,44.02534,box 3,4
2.01:  131.5036,152.1037,43.07454,box 3,4
2.02:  131.5049,152.1052,42.14735,box 3,4
2.02:  131.5065,152.107,41.24455,box 3,4
2.02:  131.5081,152.1089,40.36408,box 3,4
2.02:  131.5099,152.1111,39.50665,box 3,4
2.03:  131.5118,152.1134,38.67167,box 3,4
2.03:  131.5141,152.1164,37.86195,box 3,4
2.03:  131.5165,152.1196,37.07648,box 3,4
2.03:  131.5188,152.1227,36.31325,box 3,4
2.04:  131.5212,152.126,35.57148,box 3,4
2.04:  131.5237,152.1297,34.852,box 3,4
2.04:  131.5263,152.1335,34.15424,box 3,4
2.04:  131.5291,152.1376,33.47875,box 3,4
2.05:  131.5321,152.1424,32.82697,box 3,4
2.05:  131.5353,152.1475,32.1993,box 3,4
2.05:  131.5386,152.1528,31.59515,box 3,4
2.05:  131.5418,152.1581,31.01332,box 3,4
2.06:  131.5449,152.1633,30.45273,box 3,4
2.06:  131.5483,152.1694,29.91522,box 3,4
2.06:  131.5517,152.1753,29.39942,box 3,4
2.06:  131.5552,152.1816,28.90592,box 3,4
2.07:  131.5585,152.1878,28.43335,box 3,4
2.07:  131.5621,152.1945,27.98232,box 3,4
2.07:  131.5657,152.2014,27.55285,box 3,4
2.07:  131.5692,152.2083,27.14437,box 3,4
2.08:  131.573,152.2159,26.75777,box 3,4
2.08:  131.5781,152.2261,26.39971,box 3,4
2.08:  131.5828,152.2357,26.06747,box 3,4
2.08:  131.5876,152.2456,25.76083,box 3,4
2.09:  131.5922,152.2552,25.4782,box 3,4
2.09:  131.5968,152.265,25.21932,box 3,4
2.09:  131.6019,152.2761,24.98634,box 3,4
2.1:  131.607,152.2871,24.77853,box 3,4
2.1:  131.6124,152.2989,24.59674,box 3,4
2.1:  131.6216,152.319,24.45714,box 3,4
2.11:  131.6269,152.3307,24.34159,box 3,4
2.11:  131.6326,152.3434,24.25137,box 3,4
2.11:  131.6382,152.3558,24.18534,box 3,4
2.11:  131.6443,152.3696,24.14548,box 3,4
2.12:  131.6501,152.3825,24.12949,box 3,4
2.12:  131.6558,152.3953,24.12949,box 3,4
2.12:  131.6613,152.4074,24.12949,box 3,4
2.12:  131.6671,152.4205,24.12949,box 3,4
2.13:  131.6729,152.4335,24.12949,box 3,4
2.13:  131.6788,152.4467,24.12949,box 3,4
2.13:  131.6846,152.4595,24.12949,box 3,4
2.13:  131.6905,152.4726,24.12949,box 3,4
2.14:  131.6965,152.486,24.12949,box 3,4
2.14:  131.7035,152.5018,24.12949,box 3,4
2.14:  131.7101,152.5165,24.12949,box 3,4
2.14:  131.717,152.5318,24.12949,box 3,4
2.15:  131.7238,152.5471,24.12949,box 3,4
2.15:  131.7307,152.5623,24.12949,box 3,4
2.15:  131.7375,152.5776,24.12949,box 3,4
2.15:  131.7445,152.5932,24.12949,box 3,4
2.16:  131.7513,152.6085,24.12949,box 3,4
2.16:  131.7592,152.6261,24.12949,box 3,4
2.16:  131.7664,152.6422,24.12949,box 3,4
2.16:  131.7738,152.6587,24.12949,box 3,4
2.17:  131.781,152.6748,24.12949,box 3,4
2.17:  131.7884,152.6912,24.12949,box 3,4
2.17:  131.796,152.7081,24.12949,box 3,4
2.17:  131.8039,152.7258,24.12949,box 3,4
2.18:  131.8116,152.7429,24.12949,box 3,4
2.18:  131.8204,152.7626,24.12949,box 3,4
2.18:  131.8284,152.7804,24.12949,box 3,4
2.18:  131.8366,152.7988,24.12949,box 3,4
2.19:  131.8454,152.8186,24.12949,box 3,4
2.19:  131.855,152.8399,24.12949,box 3,4
2.19:  131.8651,152.8625,24.12949,box 3,4
2.2:  131.877,152.889,24.12949,box 3,4
2.2:  131.8895,152.9169,24.12949,box 3,4
2.2:  131.9001,152.9406,24.12949,box 3,4
2.2:  131.9102,152.9631,24.12949,box 3,4
2.21:  131.9214,152.9881,24.12949,box 3,4
2.21:  131.9321,153.0119,24.12949,box 3,4
2.21:  131.9431,153.0367,24.12949,box 3,4
2.22:  131.9538,153.0605,24.12949,box 3,4
2.22:  131.9649,153.0852,24.12949,box 3,4
2.22:  131.9761,153.1103,24.12949,box 3,4
2.22:  131.988,153.1369,24.12949,box 3,4
2.23:  132.0029,153.17,24.12949,box 3,4
2.23:  132.0194,153.2068,24.12949,box 3,4
2.23:  132.0298,153.2302,24.12949,box 3,4
2.24:  132.0392,153.251,24.12949,box 3,4
2.24:  132.0485,153.2719,24.12949,box 3,4
2.24:  132.058,153.293,24.12949,box 3,4
2.24:  132.0675,153.3144,24.12949,box 3,4
2.25:  132.0768,153.335,24.12949,box 3,4
2.25:  132.0858,153.3551,24.12949,box 3,4
2.25:  132.0948,153.3753,24.12949,box 3,4
2.25:  132.1032,153.3941,24.12949,box 3,4
2.26:  132.1114,153.4124,24.12949,box 3,4
2.26:  132.12,153.4315,24.12949,box 3,4
2.26:  132.129,153.4515,24.12949,box 3,4
2.26:  132.1374,153.4702,24.12949,box 3,4
2.27:  132.1453,153.488,24.12949,box 3,4
2.27:  132.1531,153.5053,24.12949,box 3,4
2.27:  132.1607,153.5223,24.12949,box 3,4
2.27:  132.1681,153.539,24.12949,box 3,4
2.28:  132.1756,153.5556,24.12949,box 3,4
2.28:  132.1836,153.5735,24.12949,box 3,4
2.28:  132.1914,153.591,24.12949,box 3,4
2.28:  132.1983,153.6062,24.12949,box 3,4
2.28:  132.2053,153.6218,24.12949,box 3,4
2.29:  132.2119,153.6367,24.12949,box 3,4
2.29:  132.2186,153.6516,24.12949,box 3,4
2.29:  132.2252,153.6663,24.12949,box 3,4
2.29:  132.2325,153.6826,24.12949,box 3,4
2.3:  132.2399,153.6993,24.12949,box 3,4
2.3:  132.2482,153.7176,24.12949,box 3,4
2.31:  132.2617,153.7479,24.12949,box 3,4
2.31:  132.2686,153.7633,24.12949,box 3,4
2.31:  132.2762,153.7802,24.12949,box 3,4
2.31:  132.2832,153.7959,24.12949,box 3,4
2.32:  132.2901,153.8111,24.12949,box 3,4
2.32:  132.297,153.8266,24.12949,box 3,4
2.32:  132.3036,153.8413,24.12949,box 3,4
2.32:  132.3095,153.8546,24.12949,box 3,4
2.33:  132.3219,153.8823,24.12949,box 3,4
2.33:  132.3277,153.8952,24.12949,box 3,4
2.34:  132.3328,153.9066,24.12949,box 3,4
2.34:  132.3384,153.919,24.12949,box 3,4
2.34:  132.3432,153.9298,24.12949,box 3,4
2.34:  132.3483,153.9412,24.12949,box 3,4
2.35:  132.3533,153.9523,24.12949,box 3,4
2.35:  132.3577,153.9621,24.12949,box 3,4
2.35:  132.362,153.9716,24.12949,box 3,4
2.35:  132.3661,153.9809,24.12949,box 3,4
2.36:  132.3702,153.99,24.12949,box 3,4
2.36:  132.3744,153.9994,24.12949,box 3,4
2.36:  132.3782,154.0078,24.12949,box 3,4
2.36:  132.3821,154.0167,24.12949,box 3,4
2.37:  132.3857,154.0247,24.12949,box 3,4
2.37:  132.3893,154.0327,24.12949,box 3,4
2.37:  132.3928,154.0406,24.12949,box 3,4
2.37:  132.3961,154.048,24.12949,box 3,4
2.38:  132.3992,154.0547,24.12949,box 3,4
2.38:  132.4023,154.0617,24.12949,box 3,4
2.38:  132.4055,154.0688,24.12949,box 3,4
2.38:  132.4084,154.0754,24.12949,box 3,4
2.39:  132.4112,154.0816,24.12949,box 3,4
2.39:  132.4141,154.088,24.12949,box 3,4
2.39:  132.4168,154.0941,24.12949,box 3,4
2.39:  132.4193,154.0996,24.12949,box 3,4
2.4:  132.4216,154.1048,24.12949,box 3,4
2.4:  132.4239,154.1098,24.12949,box 3,4
2.4:  132.4261,154.1148,24.12949,box 3,4
2.4:  132.4283,154.1196,24.12949,box 3,4
2.41:  132.4303,154.1243,24.12949,box 3,4
2.41:  132.4324,154.1288,24.12949,box 3,4
2.41:  132.4343,154.1331,24.12949,box 3,4
2.41:  132.4361,154.1371,24.12949,box 3,4
2.42:  132.4376,154.1406,24.12949,box 3,4
2.42:  132.4392,154.1441,24.12949,box 3,4
2.42:  132.4405,154.147,24.12949,box 3,4
2.43:  132.442,154.1503,24.12949,box 3,4
2.43:  132.4433,154.1532,24.12949,box 3,4
2.43:  132.4441,154.155,24.12949,box 3,4
2.43:  132.4447,154.1565,24.12949,box 3,4
2.44:  132.4453,154.1577,24.12949,box 3,4
2.44:  132.4457,154.1586,24.12949,box 3,4
2.44:  132.4457,154.1586,24.12949,box 3,4
2.45:  132.4457,154.1586,24.12949,box 3,4
2.45:  132.4457,154.1586,24.12949,box 3,4
2.45:  132.4457,154.1586,24.12949,box 3,4
2.45:  132.4457,154.1586,24.12949,box 3,4
2.46:  132.4457,154.1586,24.12949,box 3,4
2.46:  132.4457,154.1586,24.12949,box 3,4
2.46:  132.4457,154.1586,24.12949,box 3,4
2.46:  132.4457,154.1586,24.12949,box 3,4
2.47:  132.4457,154.1586,24.12949,box 3,4
2.47:  132.4457,154.1586,24.12949,box 3,4
2.47:  132.4457,154.1586,24.12949,box 3,4
2.47:  132.4457,154.1586,24.12949,box 3,4
2.47:  132.4457,154.1586,24.12949,box 3,4
2.48:  132.4457,154.1586,24.12949,box 3,4
2.48:  132.4457,154.1586,24.12949,box 3,4
2.48:  132.4457,154.1586,24.12949,box 3,4
2.48:  132.4457,154.1586,24.12949,box 3,4
2.49:  132.4457,154.1586,24.12949,box 3,4
2.49:  132.4457,154.1586,24.12949,box 3,4
2.49:  132.4457,154.1586,24.12949,box 3,4
2.49:  132.4457,154.1586,24.12949,box 3,4
2.5:  132.4457,154.1586,24.12949,box 3,4
2.5:  132.4457,154.1586,24.12949,box 3,4
2.5:  132.4457,154.1586,24.12949,box 3,4
2.5:  132.4457,154.1586,24.12949,box 3,4
2.51:  132.4457,154.1586,24.12949,box 3,4
2.51:  132.4457,154.1586,24.12949,box 3,4
2.51:  132.4457,154.1586,24.12949,box 3,4
2.51:  132.4457,154.1586,24.12949,box 3,4
2.52:  132.4457,154.1586,24.12949,box 3,4
2.52:  132.4457,154.1586,24.12949,box 3,4
2.52:  132.4457,154.1586,24.12949,box 3,4
2.53:  132.4457,154.1586,24.12949,box 3,4
2.53:  132.4457,154.1586,24.12949,box 3,4
2.53:  132.4457,154.1586,24.12949,box 3,4
2.53:  132.4457,154.1586,24.12949,box 3,4
2.54:  132.4457,154.1586,24.12949,box 3,4
2.54:  132.4457,154.1586,24.12949,box 3,4
2.54:  132.4457,154.1586,24.12949,box 3,4
2.54:  132.4457,154.1586,24.12949,box 3,4
2.55:  132.4457,154.1586,24.12949,box 3,4
2.55:  132.4457,154.1586,24.12949,box 3,4
2.55:  132.4457,154.1586,24.12949,box 3,4
2.55:  132.4457,154.1586,24.12949,box 3,4
2.56:  132.4457,154.1586,24.12949,box 3,4
2.56:  132.4457,154.1586,24.12949,box 3,4
2.56:  132.4457,154.1586,24.12949,box 3,4
2.56:  132.4457,154.1586,24.12949,box 3,4
2.57:  132.4457,154.1586,24.12949,box 3,4
2.57:  132.4457,154.1586,24.12949,box 3,4
2.57:  132.4457,154.1586,24.12949,box 3,4
2.58:  132.4457,154.1586,24.12949,box 3,4
2.58:  132.4457,154.1586,24.12949,box 3,4
2.58:  132.4457,154.1586,24.12949,box 3,4
2.58:  132.4457,154.1586,24.12949,box 3,4
2.59:  132.4457,154.1586,24.12949,box 3,4
2.59:  132.4457,154.1586,24.12949,box 3,4
2.59:  132.4457,154.1586,24.12949,box 3,4
2.59:  132.4457,154.1586,24.12949,box 3,4
2.59:  132.4457,154.1586,24.12949,box 3,4
2.6:  132.4457,154.1586,24.12949,box 3,4
2.6:  132.4457,154.1586,24.12949,box 3,4
2.6:  132.4457,154.1586,24.12949,box 3,4
2.6:  132.4457,154.1586,24.12949,box 3,4
2.61:  132.4457,154.1586,24.12949,box 3,4
2.61:  132.4457,154.1586,24.12949,box 3,4
2.61:  132.4457,154.1586,24.12949,box 3,4
2.61:  132.4457,154.1586,24.12949,box 3,4
2.62:  132.4457,154.1586,24.12949,box 3,4
2.62:  132.4457,154.1586,24.12949,box 3,4
2.62:  132.4457,154.1586,24.12949,box 3,4
2.62:  132.4457,154.1586,24.12949,box 3,4
2.63:  132.4457,154.1586,24.12949,box 3,4
2.63:  132.4462,154.1598,24.12949,box 3,4
2.63:  132.4468,154.161,24.12949,box 3,4
2.64:  132.4476,154.1628,24.12949,box 3,4
2.64:  132.4485,154.1649,24.12949,box 3,4
2.64:  132.4495,154.1671,24.12949,box 3,4
2.65:  132.4507,154.1698,24.12949,box 3,4
2.65:  132.452,154.1727,24.12949,box 3,4
2.65:  132.4533,154.1756,24.12949,box 3,4
2.65:  132.4548,154.1789,24.12949,box 3,4
2.66:  132.4565,154.1828,24.12949,box 3,4
2.66:  132.4585,154.1873,24.12949,box 3,4
2.66:  132.4606,154.1918,24.12949,box 3,4
2.67:  132.4625,154.1962,24.12949,box 3,4
2.67:  132.4644,154.2005,24.12949,box 3,4
2.67:  132.4666,154.2052,24.12949,box 3,4
2.67:  132.4687,154.2099,24.12949,box 3,4
2.68:  132.4709,154.2149,24.12949,box 3,4
2.68:  132.4734,154.2204,24.12949,box 3,4
2.68:  132.4764,154.2271,24.12949,box 3,4
2.68:  132.4792,154.2334,24.12949,box 3,4
2.69:  132.4822,154.2401,24.12949,box 3,4
2.69:  132.4852,154.2467,24.12949,box 3,4
2.69:  132.4883,154.2538,24.12949,box 3,4
2.69:  132.4918,154.2615,24.12949,box 3,4
2.7:  132.4955,154.2698,24.12949,box 3,4
2.7:  132.4989,154.2775,24.12949,box 3,4
2.7:  132.5025,154.2855,24.12949,box 3,4
2.71:  132.509,154.3,24.12949,box 3,4
2.71:  132.5129,154.3086,24.12949,box 3,4
2.71:  132.5172,154.3182,24.12949,box 3,4
2.71:  132.5212,154.3271,24.12949,box 3,4
2.72:  132.5253,154.3363,24.12949,box 3,4
2.72:  132.5297,154.3461,24.12949,box 3,4
2.72:  132.5339,154.3555,24.12949,box 3,4
2.72:  132.5381,154.365,24.12949,box 3,4
2.73:  132.5429,154.3756,24.12949,box 3,4
2.73:  132.5486,154.3883,24.12949,box 3,4
2.73:  132.5543,154.401,24.12949,box 3,4
2.73:  132.5598,154.4133,24.12949,box 3,4
2.74:  132.5653,154.4256,24.12949,box 3,4
2.74:  132.5714,154.4391,24.12949,box 3,4
2.74:  132.5774,154.4527,24.12949,box 3,4
2.75:  132.584,154.4674,24.12949,box 3,4
2.75:  132.5945,154.4908,24.12949,box 3,4
2.75:  132.6038,154.5116,24.12949,box 3,4
2.76:  132.6107,154.5269,24.12949,box 3,4
2.76:  132.6178,154.5428,24.12949,box 3,4
2.76:  132.6249,154.5586,24.12949,box 3,4
2.77:  132.6327,154.576,24.12949,box 3,4
2.77:  132.6404,154.5932,24.12949,box 3,4
2.77:  132.6481,154.6104,24.12949,box 3,4
2.77:  132.6552,154.6264,24.12949,box 3,4
2.78:  132.6621,154.6418,24.12949,box 3,4
2.78:  132.6703,154.6599,24.12949,box 3,4
2.78:  132.6774,154.6759,24.12949,box 3,4
2.78:  132.6846,154.6919,24.12949,box 3,4
2.79:  132.6918,154.7081,24.12949,box 3,4
2.79:  132.6991,154.7244,24.12949,box 3,4
2.79:  132.7065,154.7409,24.12949,box 3,4
2.79:  132.7141,154.7577,24.12949,box 3,4
2.8:  132.7219,154.7752,24.12949,box 3,4
2.8:  132.7299,154.7932,24.12949,box 3,4
2.8:  132.738,154.8111,24.12949,box 3,4
2.8:  132.7467,154.8307,24.12949,box 3,4
2.81:  132.7547,154.8484,24.12949,box 3,4
2.81:  132.7632,154.8675,24.12949,box 3,4
2.81:  132.7716,154.8862,24.12949,box 3,4
2.81:  132.7801,154.9051,24.12949,box 3,4
2.82:  132.7883,154.9234,24.12949,box 3,4
2.82:  132.7971,154.9432,24.12949,box 3,4
2.82:  132.8054,154.9616,24.12949,box 3,4
2.82:  132.8138,154.9803,24.12949,box 3,4
2.83:  132.8224,154.9997,24.12949,box 3,4
2.83:  132.8317,155.0204,24.12949,box 3,4
2.83:  132.8405,155.04,24.12949,box 3,4
2.83:  132.8499,155.0609,24.12949,box 3,4
2.84:  132.8609,155.0856,24.12949,box 3,4
2.84:  132.8718,155.1099,24.12949,box 3,4
2.84:  132.8829,155.1347,24.12949,box 3,4
2.84:  132.8945,155.1605,24.12949,box 3,4
2.85:  132.9058,155.1858,24.12949,box 3,4
2.85:  132.9172,155.2113,24.12949,box 3,4
2.85:  132.9317,155.2435,24.12949,box 3,4
2.86:  132.947,155.2776,24.12949,box 3,4
2.86:  132.96,155.3067,24.12949,box 3,4
2.86:  132.9731,155.3361,24.12949,box 3,4
2.87:  132.9857,155.3641,24.12949,box 3,4
2.87:  132.9971,155.3895,24.12949,box 3,4
2.87:  133.0098,155.4178,24.12949,box 3,4
2.87:  133.0224,155.446,24.12949,box 3,4
2.88:  133.034,155.472,24.12949,box 3,4
2.88:  133.0479,155.5029,24.12949,box 3,4
2.88:  133.06,155.5301,24.12949,box 3,4
2.88:  133.0715,155.5557,24.12949,box 3,4
2.89:  133.0831,155.5816,24.12949,box 3,4
2.89:  133.0954,155.6089,24.12949,box 3,4
2.89:  133.1074,155.6357,24.12949,box 3,4
2.89:  133.1199,155.6637,24.12949,box 3,4
2.9:  133.1322,155.6912,24.12949,box 3,4
2.9:  133.1449,155.7196,24.12949,box 3,4
2.9:  133.1759,155.7888,24.12949,box 3,4
2.91:  133.2013,155.8454,24.12949,box 3,4
2.91:  133.2149,155.8758,24.12949,box 3,4
2.91:  133.2276,155.9041,24.12949,box 3,4
2.92:  133.2408,155.9337,24.12949,box 3,4
2.92:  133.254,155.9632,24.12949,box 3,4
2.92:  133.2671,155.9922,24.12949,box 3,4
2.92:  133.284,156.0301,24.12949,box 3,4
2.93:  133.299,156.0636,24.12949,box 3,4
2.93:  133.317,156.1037,24.12949,box 3,4
2.93:  133.336,156.1461,24.12949,box 3,4
2.94:  133.355,156.1886,24.12949,box 3,4
2.94:  133.3753,156.2338,24.12949,box 3,4
2.94:  133.3922,156.2717,24.12949,box 3,4
2.95:  133.4095,156.3102,24.12949,box 3,4
2.95:  133.426,156.347,24.12949,box 3,4
2.95:  133.443,156.3851,24.12949,box 3,4
2.95:  133.4597,156.4224,24.12949,box 3,4
2.96:  133.4764,156.4595,24.12949,box 3,4
2.96:  133.4954,156.502,24.12949,box 3,4
2.96:  133.5116,156.5382,24.12949,box 3,4
2.97:  133.5284,156.5756,24.12949,box 3,4
2.97:  133.5457,156.6144,24.12949,box 3,4
2.97:  133.5659,156.6594,24.12949,box 3,4
2.97:  133.582,156.6953,24.12949,box 3,4
2.98:  133.6003,156.7362,24.12949,box 3,4
2.98:  133.617,156.7734,24.12949,box 3,4
2.98:  133.6324,156.8079,24.12949,box 3,4
2.99:  133.6483,156.8432,24.12949,box 3,4
2.99:  133.6634,156.877,24.12949,box 3,4
2.99:  133.6781,156.91,24.12949,box 3,4
2.99:  133.6926,156.9422,24.12949,box 3,4
3:  133.7076,156.9756,24.12949,box 3,4
3:  133.7224,157.0088,24.12949,box 3,4
3:  133.7377,157.043,24.12949,box 3,4
3:  133.7553,157.0823,24.12949,box 3,4
3.01:  133.7723,157.1201,24.12949,box 3,4
3.01:  133.789,157.1574,24.12949,box 3,4
3.01:  133.8053,157.1938,24.12949,box 3,4
3.01:  133.8215,157.23,24.12949,box 3,4
3.02:  133.8372,157.2651,24.12949,box 3,4
3.02:  133.8533,157.3009,24.12949,box 3,4
3.02:  133.8683,157.3345,24.12949,box 3,4
3.02:  133.8832,157.3678,24.12949,box 3,4
3.03:  133.9027,157.4113,24.12949,box 3,4
3.03:  133.9251,157.4613,24.12949,box 3,4
3.03:  133.94,157.4946,24.12949,box 3,4
3.04:  133.9542,157.5263,24.12949,box 3,4
3.04:  133.9682,157.5576,24.12949,box 3,4
3.04:  133.982,157.5883,24.12949,box 3,4
3.04:  133.9961,157.6198,24.12949,box 3,4
3.05:  134.0112,157.6535,24.12949,box 3,4
3.05:  134.0264,157.6873,24.12949,box 3,4
3.05:  134.0447,157.7283,24.12949,box 3,4
3.05:  134.0606,157.7638,24.12949,box 3,4
3.06:  134.0756,157.7973,24.12949,box 3,4
3.06:  134.0921,157.8341,24.12949,box 3,4
3.06:  134.1087,157.8712,24.12949,box 3,4
3.07:  134.1232,157.9035,24.12949,box 3,4
3.07:  134.139,157.9388,24.12949,box 3,4
3.07:  134.1534,157.9709,24.12949,box 3,4
3.07:  134.1681,158.0039,24.12949,box 3,4
3.08:  134.1824,158.0358,24.12949,box 3,4
3.08:  134.1971,158.0685,24.12949,box 3,4
3.08:  134.2099,158.097,24.12949,box 3,4
3.09:  134.2238,158.1281,24.12949,box 3,4
3.09:  134.2373,158.1582,24.12949,box 3,4
3.09:  134.2502,158.187,24.12949,box 3,4
3.09:  134.2625,158.2146,24.12949,box 3,4
3.1:  134.2761,158.2449,24.12949,box 3,4
3.1:  134.2878,158.271,24.12949,box 3,4
3.1:  134.2993,158.2966,24.12949,box 3,4
3.1:  134.3105,158.3217,24.12949,box 3,4
3.11:  134.3222,158.3478,24.12949,box 3,4
3.11:  134.3426,158.3934,24.12949,box 3,4
3.11:  134.354,158.4187,24.12949,box 3,4
3.12:  134.3647,158.4427,24.12949,box 3,4
3.12:  134.3754,158.4667,24.12949,box 3,4
3.12:  134.3874,158.4934,24.12949,box 3,4
3.12:  134.4024,158.5259,24.64118,box 3,4
3.13:  134.4184,158.5593,25.69015,box 3,4
3.13:  134.4298,158.5817,27.10751,box 3,4
3.13:  134.4418,158.6036,28.60751,box 3,4
3.13:  134.4537,158.624,30.10751,box 3,4
3.14:  134.4658,158.6438,31.60751,box 3,4
3.14:  134.4794,158.6646,33.10751,box 3,4
3.14:  134.4928,158.684,34.60751,box 3,4
3.14:  134.5061,158.7023,36.10751,box 3,4
3.15:  134.5204,158.7208,37.60751,box 3,4
3.15:  134.5338,158.7374,39.10752,box 3,4
3.15:  134.5482,158.7541,40.60752,box 3,4
3.15:  134.562,158.7693,42.10752,box 3,4
3.16:  134.5803,158.7886,43.60752,box 3,4
3.16:  134.6001,158.8083,45.10752,box 3,4
3.16:  134.6187,158.8259,46.60752,box 3,4
3.17:  134.6358,158.8413,48.10752,box 3,4
3.17:  134.6531,158.856,49.60752,box 3,4
3.17:  134.6703,158.8698,51.10752,box 3,4
3.17:  134.6874,158.8829,52.60752,box 3,4
3.18:  134.7065,158.8968,54.10752,box 3,4
3.18:  134.7269,158.9107,55.60753,box 3,4
3.18:  134.7497,158.9255,57.10752,box 3,4
3.19:  134.7686,158.937,58.60753,box 3,4
3.19:  134.7857,158.9468,60.10753,box 3,4
3.19:  134.8026,158.9559,61.60753,box 3,4
3.19:  134.8221,158.9658,63.10752,box 3,4
3.2:  134.8392,158.9739,64.60753,box 3,4
3.2:  134.8562,158.9815,66.10753,box 3,4
3.2:  134.8728,158.9883,67.60754,box 3,4
3.2:  134.8883,158.9942,69.10753,box 3,4
3.21:  134.9036,158.9996,70.60753,box 3,4
3.21:  134.9197,159.0048,72.10753,box 3,4
3.21:  134.9359,159.0096,73.60754,box 3,4
3.21:  134.9517,159.0138,75.10754,box 3,4
3.22:  134.9671,159.0175,76.60754,box 3,4
3.22:  134.9836,159.0209,78.10754,box 3,4
3.22:  134.9977,159.0235,79.60754,box 3,4
3.22:  135.0118,159.0257,81.10755,box 3,4
3.23:  135.0255,159.0275,82.60754,box 3,4
3.23:  135.0394,159.0289,84.10754,box 3,4
3.23:  135.0528,159.03,85.60754,box 3,4
3.23:  135.0695,159.0308,87.08038,box 3,4
3.24:  135.0887,159.0313,88.52107,box 3,4
3.24:  135.1021,159.0313,89.93882,box 3,4
3.24:  135.1146,159.031,91.33472,box 3,4
3.25:  135.1276,159.0304,92.70732,box 3,4
3.25:  135.1397,159.0296,94.05764,box 3,4
3.25:  135.1513,159.0285,95.38616,box 3,4
3.25:  135.1626,159.0271,96.69299,box 3,4
3.26:  135.173,159.0257,97.97913,box 3,4
3.26:  135.1835,159.024,99.24396,box 3,4
3.26:  135.1946,159.0219,100.4857,box 3,4
3.26:  135.2062,159.0195,101.7024,box 3,4
3.27:  135.2168,159.0171,102.8954,box 3,4
3.27:  135.2285,159.0142,104.0613,box 3,4
3.27:  135.2385,159.0114,105.203,box 3,4
3.27:  135.2481,159.0086,106.3207,box 3,4
3.28:  135.2571,159.0058,107.4152,box 3,4
3.28:  135.2671,159.0025,108.4826,box 3,4
3.28:  135.2757,158.9994,109.5256,box 3,4
3.29:  135.2849,158.9959,110.5413,box 3,4
3.29:  135.2937,158.9925,111.5299,box 3,4
3.29:  135.3024,158.9889,112.49,box 3,4
3.29:  135.3099,158.9856,113.4238,box 3,4
3.3:  135.3165,158.9827,114.334,box 3,4
3.3:  135.3236,158.9793,115.2166,box 3,4
3.3:  135.3297,158.9763,116.0745,box 3,4
3.31:  135.3349,158.9737,116.9098,box 3,4
3.31:  135.3399,158.9711,117.7223,box 3,4
3.31:  135.3487,158.9663,118.49,box 3,4
3.32:  135.353,158.9639,119.2345,box 3,4
3.32:  135.3568,158.9617,119.9567,box 3,4
3.32:  135.3604,158.9596,120.6562,box 3,4
3.32:  135.3637,158.9576,121.3334,box 3,4
3.33:  135.3668,158.9556,121.9877,box 3,4
3.33:  135.3697,158.9538,122.6186,box 3,4
3.33:  135.3722,158.9521,123.227,box 3,4
3.33:  135.3745,158.9506,123.8128,box 3,4
3.34:  135.3764,158.9493,124.3776,box 3,4
3.34:  135.3781,158.9481,124.9216,box 3,4
3.34:  135.3797,158.9469,125.4422,box 3,4
3.34:  135.3811,158.9459,125.9397,box 3,4
3.35:  135.3822,158.9451,126.4134,box 3,4
3.35:  135.383,158.9445,126.866,box 3,4
3.35:  135.383,158.9445,127.2971,box 3,4
3.35:  135.383,158.9445,127.7072,box 3,4
3.35:  135.383,158.9445,128.0965,box 3,4
3.36:  135.383,158.9445,128.4643,box 3,4
3.36:  135.383,158.9445,128.8098,box 3,4
3.36:  135.383,158.9445,129.1314,box 3,4
3.36:  135.383,158.9445,129.4321,box 3,4
3.37:  135.383,158.9445,129.7116,box 3,4
3.37:  135.383,158.9445,129.9685,box 3,4
3.37:  135.383,158.9445,130.2035,box 3,4
3.37:  135.383,158.9445,130.4132,box 3,4
3.38:  135.383,158.9445,130.593,box 3,4
3.38:  135.383,158.9445,130.7468,box 3,4
3.38:  135.383,158.9445,130.8768,box 3,4
3.39:  135.383,158.9445,130.9825,box 3,4
3.39:  135.383,158.9445,131.0649,box 3,4
3.39:  135.383,158.9445,131.123,box 3,4
3.39:  135.383,158.9445,131.1549,box 3,4
3.4:  135.383,158.9445,131.1635,box 3,4
3.4:  135.383,158.9445,131.1635,box 3,4
3.4:  135.383,158.9445,131.1635,box 3,4
3.41:  135.383,158.9445,131.1635,box 3,4
3.41:  135.383,158.9445,131.1635,box 3,4
3.41:  135.383,158.9445,131.1635,box 3,4
3.41:  135.383,158.9445,131.1635,box 3,4
3.42:  135.383,158.9445,131.1635,box 3,4
3.42:  135.383,158.9445,131.1635,box 3,4
3.42:  135.383,158.9445,131.1635,box 3,4
3.42:  135.383,158.9445,131.1635,box 3,4
3.42:  135.383,158.9445,131.1635,box 3,4
3.43:  135.383,158.9445,131.1635,box 3,4
3.43:  135.383,158.9445,131.1635,box 3,4
3.43:  135.383,158.9445,131.1635,box 3,4
3.43:  135.383,158.9445,131.1635,box 3,4
3.44:  135.383,158.9445,131.1635,box 3,4
3.44:  135.383,158.9445,131.1635,box 3,4
3.44:  135.383,158.9445,131.1635,box 3,4
3.44:  135.383,158.9445,131.1635,box 3,4
3.45:  135.383,158.9445,131.1635,box 3,4
3.45:  135.383,158.9445,131.1635,box 3,4
3.45:  135.383,158.9445,131.1635,box 3,4
3.45:  135.383,158.9445,131.1635,box 3,4
3.46:  135.383,158.9445,131.1635,box 3,4
3.46:  135.383,158.9445,131.1635,box 3,4
3.46:  135.383,158.9445,131.1635,box 3,4
3.46:  135.383,158.9445,131.1635,box 3,4
3.47:  135.383,158.9445,131.1635,box 3,4
3.47:  135.383,158.9445,131.1635,box 3,4
3.47:  135.383,158.9445,131.1635,box 3,4
3.47:  135.383,158.9445,131.1635,box 3,4
3.47:  135.383,158.9445,131.1635,box 3,4
3.48:  135.383,158.9445,131.1635,box 3,4
3.48:  135.383,158.9445,131.1635,box 3,4
3.49:  135.383,158.9445,131.1635,box 3,4
3.49:  135.383,158.9445,131.1635,box 3,4
3.49:  135.383,158.9445,131.1635,box 3,4
3.49:  135.383,158.9445,131.1635,box 3,4
3.5:  135.383,158.9445,131.1635,box 3,4
3.5:  135.383,158.9445,131.1635,box 3,4
3.5:  135.383,158.9445,131.1635,box 3,4
3.5:  135.383,158.9445,131.1635,box 3,4
3.51:  135.383,158.9445,131.1635,box 3,4
3.51:  135.383,158.9445,131.1635,box 3,4
3.51:  135.383,158.9445,131.1635,box 3,4
3.52:  135.383,158.9445,131.1635,box 3,4
3.52:  135.383,158.9445,131.1635,box 3,4
3.52:  135.383,158.9445,131.1635,box 3,4
3.53:  135.383,158.9445,131.1635,box 3,4
3.53:  135.383,158.9445,131.1635,box 3,4
3.53:  135.383,158.9445,131.1635,box 3,4
3.53:  135.383,158.9445,131.1635,box 3,4
3.54:  135.383,158.9445,131.1635,box 3,4
3.54:  135.383,158.9445,131.1635,box 3,4
3.54:  135.383,158.9445,131.1635,box 3,4
3.54:  135.383,158.9445,131.1635,box 3,4
3.55:  135.383,158.9445,131.1635,box 3,4
3.55:  135.383,158.9445,131.1635,box 3,4
3.55:  135.383,158.9445,131.1635,box 3,4
3.55:  135.383,158.9445,131.1635,box 3,4
3.55:  135.383,158.9445,131.1635,box 3,4
3.56:  135.383,158.9445,131.1635,box 3,4
3.56:  135.383,158.9445,131.1635,box 3,4
3.56:  135.383,158.9445,131.1635,box 3,4
3.56:  135.383,158.9445,131.1635,box 3,4
3.57:  135.383,158.9445,131.1635,box 3,4
3.57:  135.383,158.9445,131.1635,box 3,4
3.57:  135.383,158.9445,131.1635,box 3,4
3.57:  135.383,158.9445,131.1635,box 3,4
3.58:  135.383,158.9445,131.1635,box 3,4
3.58:  135.383,158.9445,131.1635,box 3,4
3.58:  135.383,158.9445,131.1635,box 3,4
3.58:  135.383,158.9445,131.1635,box 3,4
3.58:  135.383,158.9445,131.1635,box 3,4
3.59:  135.383,158.9445,131.1635,box 3,4
3.59:  135.383,158.9445,131.1635,box 3,4
3.59:  135.383,158.9445,131.1635,box 3,4
3.6:  135.383,158.9445,131.1635,box 3,4
3.6:  135.383,158.9445,131.1635,box 3,4
3.6:  135.383,158.9445,131.1635,box 3,4
3.6:  135.383,158.9445,131.1635,box 3,4
3.61:  135.383,158.9445,131.1635,box 3,4
3.61:  135.383,158.9445,131.1635,box 3,4
3.61:  135.383,158.9445,131.1635,box 3,4
3.61:  135.383,158.9445,131.1635,box 3,4
3.62:  135.383,158.9445,131.1635,box 3,4
3.62:  135.383,158.9445,131.1635,box 3,4
3.62:  135.383,158.9445,131.1635,box 3,4
3.62:  135.383,158.9445,131.1635,box 3,4
3.63:  135.383,158.9445,131.1635,box 3,4
3.63:  135.383,158.9445,131.1635,box 3,4
3.63:  135.383,158.9445,131.1635,box 3,4
3.63:  135.383,158.9445,131.1635,box 3,4
3.64:  135.383,158.9445,131.1635,box 3,4
3.64:  135.383,158.9445,131.1635,box 3,4
3.64:  135.383,158.9445,131.1635,box 3,4
3.64:  135.383,158.9445,131.1635,box 3,4
3.65:  135.383,158.9445,131.1635,box 3,4
3.65:  135.383,158.9445,131.1635,box 3,4
3.65:  135.383,158.9445,131.1635,box 3,4
3.65:  135.383,158.9445,131.1635,box 3,4
3.66:  135.383,158.9445,131.1635,box 3,4
3.66:  135.383,158.9445,131.1635,box 3,4
3.66:  135.383,158.9445,131.1635,box 3,4
3.66:  135.383,158.9445,131.1635,box 3,4
3.67:  135.383,158.9445,131.1635,box 3,4
3.67:  135.383,158.9445,131.1635,box 3,4
3.67:  135.383,158.9445,131.1635,box 3,4
3.67:  135.383,158.9445,131.1635,box 3,4
3.67:  135.383,158.9445,131.1635,box 3,4
3.68:  135.383,158.9445,131.1635,box 3,4
3.68:  135.383,158.9445,131.1635,box 3,4
3.68:  135.383,158.9445,131.1635,box 3,4
3.69:  135.383,158.9445,131.1635,box 3,4
3.69:  135.383,158.9445,131.1635,box 3,4
3.69:  135.383,158.9445,131.1635,box 3,4
3.69:  135.383,158.9445,131.1635,box 3,4
3.7:  135.383,158.9445,131.1635,box 3,4
3.7:  135.383,158.9445,131.1635,box 3,4
3.7:  135.383,158.9445,131.1635,box 3,4
3.7:  135.383,158.9445,131.1635,box 3,4
3.71:  135.383,158.9445,131.1635,box 3,4
3.71:  135.383,158.9445,131.1635,box 3,4
3.71:  135.383,158.9445,131.1635,box 3,4
3.72:  135.383,158.9445,131.1635,box 3,4
3.72:  135.383,158.9445,131.1635,box 3,4
3.72:  135.383,158.9445,131.1635,box 3,4
3.73:  135.383,158.9445,131.1635,box 3,4
3.73:  135.383,158.9445,131.1635,box 3,4
3.73:  135.383,158.9445,131.1635,box 3,4
3.73:  135.383,158.9445,131.1635,box 3,4
3.74:  135.383,158.9445,131.1635,box 3,4
3.74:  135.383,158.9445,131.1635,box 3,4
3.74:  135.383,158.9445,131.1635,box 3,4
3.74:  135.383,158.9445,131.1635,box 3,4
3.75:  135.383,158.9445,131.1635,box 3,4
3.75:  135.383,158.9445,131.1635,box 3,4
3.75:  135.383,158.9445,131.1635,box 3,4
3.75:  135.383,158.9445,131.1635,box 3,4
3.75:  135.383,158.9445,131.1635,box 3,4
3.76:  135.383,158.9445,131.1635,box 3,4
3.76:  135.383,158.9445,131.1635,box 3,4
3.76:  135.383,158.9445,131.1635,box 3,4
3.76:  135.383,158.9445,131.1635,box 3,4
3.77:  135.383,158.9445,131.1635,box 3,4
3.77:  135.383,158.9445,131.1635,box 3,4
3.77:  135.383,158.9445,131.1635,box 3,4
3.77:  135.383,158.9445,131.1635,box 3,4
3.78:  135.383,158.9445,131.1635,box 3,4
3.78:  135.383,158.9445,131.1635,box 3,4
3.78:  135.383,158.9445,131.1635,box 3,4
3.78:  135.383,158.9445,131.1635,box 3,4
3.79:  135.383,158.9445,131.1635,box 3,4
3.79:  135.383,158.9445,131.1635,box 3,4
3.79:  135.383,158.9445,131.1635,box 3,4
3.79:  135.383,158.9445,131.1635,box 3,4
3.79:  135.383,158.9445,131.1635,box 3,4
3.8:  135.383,158.9445,131.1635,box 3,4
3.8:  135.383,158.9445,131.1635,box 3,4
3.8:  135.383,158.9445,131.1635,box 3,4
3.8:  135.383,158.9445,131.1635,box 3,4
3.81:  135.383,158.9445,131.1635,box 3,4
3.81:  135.383,158.9445,131.1635,box 3,4
3.81:  135.383,158.9445,131.1635,box 3,4
3.81:  135.383,158.9445,131.1635,box 3,4
3.82:  135.383,158.9445,131.1635,box 3,4
3.82:  135.383,158.9445,131.1635,box 3,4
3.82:  135.383,158.9445,131.1635,box 3,4
3.83:  135.383,158.9445,131.1635,box 3,4
3.83:  135.383,158.9445,131.1635,box 3,4
3.83:  135.383,158.9445,131.1635,box 3,4
3.83:  135.383,158.9445,131.1635,box 3,4
3.84:  135.383,158.9445,131.1635,box 3,4
3.84:  135.383,158.9445,131.1635,box 3,4
3.84:  135.383,158.9445,131.1635,box 3,4
3.84:  135.383,158.9445,131.1635,box 3,4
3.85:  135.383,158.9445,131.1635,box 3,4
3.85:  135.383,158.9445,131.1635,box 3,4
3.85:  135.383,158.9445,131.1635,box 3,4
3.85:  135.383,158.9445,131.1635,box 3,4
3.86:  135.383,158.9445,131.1635,box 3,4
3.86:  135.383,158.9445,131.1635,box 3,4
3.86:  135.383,158.9445,131.1635,box 3,4
3.86:  135.383,158.9445,131.1635,box 3,4
3.87:  135.383,158.9445,131.1635,box 3,4
3.87:  135.383,158.9445,131.1635,box 3,4
3.87:  135.383,158.9445,131.1635,box 3,4
3.87:  135.383,158.9445,131.1635,box 3,4
3.87:  135.383,158.9445,131.1635,box 3,4
3.88:  135.383,158.9445,131.1635,box 3,4
3.88:  135.383,158.9445,131.1635,box 3,4
3.88:  135.383,158.9445,131.1635,box 3,4
3.88:  135.383,158.9445,131.1635,box 3,4
3.89:  135.383,158.9445,131.1635,box 3,4
3.89:  135.383,158.9445,131.1635,box 3,4
3.89:  135.383,158.9445,131.1635,box 3,4
3.89:  135.383,158.9445,131.1635,box 3,4
3.9:  135.383,158.9445,131.1635,box 3,4
3.9:  135.383,158.9445,131.1635,box 3,4
3.9:  135.383,158.9445,131.1635,box 3,4
3.9:  135.383,158.9445,131.1635,box 3,4
3.91:  135.383,158.9445,131.1635,box 3,4
3.91:  135.383,158.9445,131.1635,box 3,4
3.91:  135.383,158.9445,131.1635,box 3,4
3.91:  135.383,158.9445,131.1635,box 3,4
3.91:  135.383,158.9445,131.1635,box 3,4
3.92:  135.383,158.9445,131.1635,box 3,4
3.92:  135.383,158.9445,131.1635,box 3,4
3.93:  135.383,158.9445,131.1635,box 3,4
3.93:  135.383,158.9445,131.1635,box 3,4
3.93:  135.383,158.9445,131.1635,box 3,4
3.93:  135.383,158.9445,131.1635,box 3,4
3.94:  135.383,158.9445,131.1635,box 3,4
3.94:  135.383,158.9445,131.1635,box 3,4
3.94:  135.383,158.9445,131.1635,box 3,4
3.94:  135.383,158.9445,131.1635,box 3,4
3.95:  135.383,158.9445,131.1635,box 3,4
3.95:  135.383,158.9445,131.1635,box 3,4
3.95:  135.383,158.9445,131.1635,box 3,4
3.96:  135.383,158.9445,131.1635,box 3,4
3.96:  135.383,158.9445,131.1635,box 3,4
3.96:  135.383,158.9445,131.1635,box 3,4
3.96:  135.383,158.9445,131.1635,box 3,4
3.97:  135.383,158.9445,131.1635,box 3,4
3.97:  135.383,158.9445,131.1635,box 3,4
3.97:  135.383,158.9445,131.1635,box 3,4
3.97:  135.383,158.9445,131.1635,box 3,4
3.98:  135.383,158.9445,131.1635,box 3,4
3.98:  135.383,158.9445,131.1635,box 3,4
3.98:  135.383,158.9445,131.1635,box 3,4
3.98:  135.383,158.9445,131.1635,box 3,4
3.99:  135.383,158.9445,131.1635,box 3,4
3.99:  135.383,158.9445,131.1635,box 3,4
3.99:  135.383,158.9445,131.1635,box 3,4
3.99:  135.383,158.9445,131.1635,box 3,4
4:  135.383,158.9445,131.1635,box 3,4
4:  135.383,158.9445,131.1635,box 3,4
4:  135.383,158.9445,131.1635,box 3,4
4:  135.383,158.9445,131.1635,box 3,4
4:  135.383,158.9445,131.1635,box 3,4
4.01:  135.383,158.9445,131.1635,box 3,4
4.01:  135.383,158.9445,131.1635,box 3,4
4.01:  135.383,158.9445,131.1635,box 3,4
4.01:  135.383,158.9445,131.1635,box 3,4
4.02:  135.383,158.9445,131.1635,box 3,4
4.02:  135.383,158.9445,131.1635,box 3,4
4.02:  135.383,158.9445,131.1635,box 3,4
4.02:  135.383,158.9445,131.1635,box 3,4
4.03:  135.383,158.9445,131.1635,box 3,4
4.03:  135.383,158.9445,131.1635,box 3,4
4.03:  135.383,158.9445,131.1635,box 3,4
4.04:  135.383,158.9445,131.1635,box 3,4
4.04:  135.383,158.9445,131.1635,box 3,4
4.04:  135.383,158.9445,131.1635,box 3,4
4.05:  135.383,158.9445,131.1635,box 3,4
4.05:  135.383,158.9445,131.1635,box 3,4
4.05:  135.383,158.9445,131.1635,box 3,4
4.05:  135.383,158.9445,131.1635,box 3,4
4.06:  135.383,158.9445,131.1635,box 3,4
4.06:  135.383,158.9445,131.1635,box 3,4
4.06:  135.383,158.9445,131.1635,box 3,4
4.07:  135.383,158.9445,131.1635,box 3,4
4.07:  135.383,158.9445,131.1635,box 3,4
4.07:  135.383,158.9445,131.1635,box 3,4
4.07:  135.383,158.9445,131.1635,box 3,4
4.07:  135.383,158.9445,131.1635,box 3,4
4.08:  135.383,158.9445,131.1635,box 3,4
4.08:  135.383,158.9445,131.1635,box 3,4
4.08:  135.383,158.9445,131.1635,box 3,4
4.08:  135.383,158.9445,131.1635,box 3,4
4.09:  135.383,158.9445,131.1635,box 3,4
4.09:  135.383,158.9445,131.1635,box 3,4
4.09:  135.383,158.9445,131.1635,box 3,4
4.09:  135.383,158.9445,131.1635,box 3,4
4.1:  135.383,158.9445,131.1635,box 3,4
4.1:  135.383,158.9445,131.1635,box 3,4
4.1:  135.383,158.9445,131.1635,box 3,4
4.1:  135.383,158.9445,131.1635,box 3,4
4.11:  135.383,158.9445,131.1635,box 3,4
4.11:  135.383,158.9445,131.1635,box 3,4
4.11:  135.383,158.9445,131.1635,box 3,4
4.11:  135.383,158.9445,131.1635,box 3,4
4.11:  135.383,158.9445,131.1635,box 3,4
4.12:  135.383,158.9445,131.1635,box 3,4
4.12:  135.383,158.9445,131.1635,box 3,4
4.12:  135.383,158.9445,131.1635,box 3,4
4.13:  135.383,158.9445,131.1635,box 3,4
4.13:  135.383,158.9445,131.1635,box 3,4
4.13:  135.383,158.9445,131.1635,box 3,4
4.14:  135.383,158.9445,131.1635,box 3,4
4.14:  135.383,158.9445,131.1635,box 3,4
4.14:  135.383,158.9445,131.1635,box 3,4
4.14:  135.383,158.9445,131.1635,box 3,4
4.15:  135.383,158.9445,131.1635,box 3,4
4.15:  135.383,158.9445,131.1635,box 3,4
4.15:  135.383,158.9445,131.1635,box 3,4
4.15:  135.383,158.9445,131.1635,box 3,4
4.16:  135.383,158.9445,131.1635,box 3,4
4.16:  135.383,158.9445,131.1635,box 3,4
4.16:  135.383,158.9445,131.1635,box 3,4
4.16:  135.383,158.9445,131.1635,box 3,4
4.17:  135.383,158.9445,131.1635,box 3,4
4.17:  135.383,158.9445,131.1635,box 3,4
4.17:  135.383,158.9445,131.1635,box 3,4
4.17:  135.383,158.9445,131.1635,box 3,4
4.18:  135.383,158.9445,131.1635,box 3,4
4.18:  135.383,158.9445,131.1635,box 3,4
4.18:  135.383,158.9445,131.1635,box 3,4
4.18:  135.383,158.9445,131.1635,box 3,4
4.19:  135.383,158.9445,131.1635,box 3,4
4.19:  135.383,158.9445,131.1635,box 3,4
4.19:  135.383,158.9445,131.1635,box 3,4
4.19:  135.383,158.9445,131.1635,box 3,4
4.2:  135.383,158.9445,131.1635,box 3,4
4.2:  135.383,158.9445,131.1635,box 3,4
4.2:  135.383,158.9445,131.1635,box 3,4
4.2:  135.383,158.9445,131.1635,box 3,4
4.2:  135.383,158.9445,131.1635,box 3,4
4.21:  135.383,158.9445,131.1635,box 3,4
4.21:  135.383,158.9445,131.1635,box 3,4
4.21:  135.383,158.9445,131.1635,box 3,4
4.21:  135.383,158.9445,131.1635,box 3,4
4.22:  135.383,158.9445,131.1635,box 3,4
4.22:  135.383,158.9445,131.1635,box 3,4
4.22:  135.383,158.9445,131.1635,box 3,4
4.22:  135.383,158.9445,131.1635,box 3,4
4.23:  135.383,158.9445,131.1635,box 3,4
4.23:  135.383,158.9445,131.1635,box 3,4
4.23:  135.383,158.9445,131.1635,box 3,4
4.23:  135.383,158.9445,131.1635,box 3,4
4.24:  135.383,158.9445,131.1635,box 3,4
4.24:  135.383,158.9445,131.1635,box 3,4
4.24:  135.383,158.9445,131.1635,box 3,4
4.24:  135.383,158.9445,131.1635,box 3,4
4.25:  135.383,158.9445,131.1635,box 3,4
4.25:  135.383,158.9445,131.1635,box 3,4
4.25:  135.383,158.9445,131.1635,box 3,4
4.25:  135.383,158.9445,131.1635,box 3,4
4.26:  135.383,158.9445,131.1635,box 3,4
4.26:  135.383,158.9445,131.1635,box 3,4
4.26:  135.383,158.9445,131.1635,box 3,4
4.26:  135.383,158.9445,131.1635,box 3,4
4.27:  135.383,158.9445,131.1635,box 3,4
4.27:  135.383,158.9445,131.1635,box 3,4
4.27:  135.383,158.9445,131.1635,box 3,4
4.28:  135.383,158.9445,131.1635,box 3,4
4.28:  135.383,158.9445,131.1635,box 3,4
4.28:  135.383,158.9445,131.1635,box 3,4
4.28:  135.383,158.9445,131.1635,box 3,4
4.29:  135.383,158.9445,131.1635,box 3,4
4.29:  135.383,158.9445,131.1635,box 3,4
4.29:  135.383,158.9445,131.1635,box 3,4
4.29:  135.383,158.9445,131.1635,box 3,4
4.29:  135.383,158.9445,131.1635,box 3,4
4.3:  135.383,158.9445,131.1635,box 3,4
4.3:  135.383,158.9445,131.1635,box 3,4
4.3:  135.383,158.9445,131.1635,box 3,4
4.3:  135.383,158.9445,131.1635,box 3,4
4.31:  135.383,158.9445,131.1635,box 3,4
4.31:  135.383,158.9445,131.1635,box 3,4
4.31:  135.383,158.9445,131.1635,box 3,4
4.31:  135.383,158.9445,131.1635,box 3,4
4.32:  135.383,158.9445,131.1635,box 3,4
4.32:  135.383,158.9445,131.1635,box 3,4
4.32:  135.383,158.9445,131.1635,box 3,4
4.32:  135.383,158.9445,131.1635,box 3,4
4.33:  135.383,158.9445,131.1635,box 3,4
4.33:  135.383,158.9445,131.1635,box 3,4
4.33:  135.383,158.9445,131.1635,box 3,4
4.33:  135.383,158.9445,131.1635,box 3,4
4.34:  135.383,158.9445,131.1635,box 3,4
4.34:  135.383,158.9445,131.1635,box 3,4
4.34:  135.383,158.9445,131.1635,box 3,4
4.34:  135.383,158.9445,131.1635,box 3,4
4.35:  135.383,158.9445,131.1635,box 3,4
4.35:  135.383,158.9445,131.1635,box 3,4
4.35:  135.383,158.9445,131.1635,box 3,4
4.35:  135.383,158.9445,131.1635,box 3,4
4.36:  135.383,158.9445,131.1635,box 3,4
4.36:  135.383,158.9445,131.1635,box 3,4
4.36:  135.383,158.9445,131.1635,box 3,4
4.37:  135.383,158.9445,131.1635,box 3,4
4.37:  135.383,158.9445,131.1635,box 3,4
4.37:  135.383,158.9445,131.1635,box 3,4
4.37:  135.383,158.9445,131.1635,box 3,4
4.38:  135.383,158.9445,131.1635,box 3,4
4.38:  135.383,158.9445,131.1635,box 3,4
4.38:  135.383,158.9445,131.1635,box 3,4
4.38:  135.383,158.9445,131.1635,box 3,4
4.39:  135.383,158.9445,131.1635,box 3,4
4.39:  135.383,158.9445,131.1635,box 3,4
4.39:  135.383,158.9445,131.1635,box 3,4
4.39:  135.383,158.9445,131.1635,box 3,4
4.4:  135.383,158.9445,131.1635,box 3,4
4.4:  135.383,158.9445,131.1635,box 3,4
4.4:  135.383,158.9445,131.1635,box 3,4
4.4:  135.383,158.9445,131.1635,box 3,4
4.4:  135.383,158.9445,131.1635,box 3,4
4.41:  135.383,158.9445,131.1635,box 3,4
4.41:  135.383,158.9445,131.1635,box 3,4
4.41:  135.383,158.9445,131.1635,box 3,4
4.41:  135.383,158.9445,131.1635,box 3,4
4.42:  135.383,158.9445,131.1635,box 3,4
4.42:  135.383,158.9445,131.1635,box 3,4
4.42:  135.383,158.9445,131.1635,box 3,4
4.42:  135.383,158.9445,131.1635,box 3,4
4.43:  135.383,158.9445,131.1635,box 3,4
4.43:  135.383,158.9445,131.1635,box 3,4
4.43:  135.383,158.9445,131.1635,box 3,4
4.43:  135.383,158.9445,131.1635,box 3,4
4.43:  135.383,158.9445,131.1635,box 3,4
4.44:  135.383,158.9445,131.1635,box 3,4
4.44:  135.383,158.9445,131.1635,box 3,4
4.44:  135.383,158.9445,131.1635,box 3,4
4.44:  135.383,158.9445,131.1635,box 3,4
4.45:  135.383,158.9445,131.1635,box 3,4
4.45:  135.383,158.9445,131.1635,box 3,4
4.45:  135.383,158.9445,131.1635,box 3,4
4.45:  135.383,158.9445,131.1635,box 3,4
4.46:  135.383,158.9445,131.1635,box 3,4
4.46:  135.383,158.9445,131.1635,box 3,4
4.46:  135.383,158.9445,131.1635,box 3,4
4.46:  135.383,158.9445,131.1635,box 3,4
4.47:  135.383,158.9445,131.1635,box 3,4
4.47:  135.383,158.9445,131.1635,box 3,4
4.47:  135.383,158.9445,131.1635,box 3,4
4.48:  135.383,158.9445,131.1635,box 3,4
4.48:  135.383,158.9445,131.1635,box 3,4
4.48:  135.383,158.9445,131.1635,box 3,4
4.48:  135.383,158.9445,131.1635,box 3,4
4.49:  135.383,158.9445,131.1635,box 3,4
4.49:  135.383,158.9445,131.1635,box 3,4
4.49:  135.383,158.9445,131.1635,box 3,4
4.5:  135.383,158.9445,131.1635,box 3,4
4.5:  135.383,158.9445,131.1635,box 3,4
4.5:  135.383,158.9445,131.1635,box 3,4
4.5:  135.383,158.9445,131.1635,box 3,4
4.5:  135.383,158.9445,131.1635,box 3,4
4.51:  135.383,158.9445,131.1635,box 3,4
4.51:  135.383,158.9445,131.1635,box 3,4
4.51:  135.383,158.9445,131.1635,box 3,4
4.51:  135.383,158.9445,131.1635,box 3,4
4.52:  135.383,158.9445,131.1635,box 3,4
4.52:  135.383,158.9445,131.1635,box 3,4
4.52:  135.383,158.9445,131.1635,box 3,4
4.53:  135.383,158.9445,131.1635,box 3,4
4.53:  135.383,158.9445,131.1635,box 3,4
4.53:  135.383,158.9445,131.1635,box 3,4
4.53:  135.383,158.9445,131.1635,box 3,4
4.54:  135.383,158.9445,131.1635,box 3,4
4.54:  135.383,158.9445,131.1635,box 3,4
4.54:  135.383,158.9445,131.1635,box 3,4
4.54:  135.383,158.9445,131.1635,box 3,4
4.54:  135.383,158.9445,131.1635,box 3,4
4.55:  135.383,158.9445,131.1635,box 3,4
4.55:  135.383,158.9445,131.1635,box 3,4
4.55:  135.383,158.9445,131.1635,box 3,4
4.55:  135.383,158.9445,131.1635,box 3,4
4.56:  135.383,158.9445,131.1635,box 3,4
4.56:  135.383,158.9445,131.1635,box 3,4
4.56:  135.383,158.9445,131.1635,box 3,4
4.56:  135.383,158.9445,131.1635,box 3,4
4.57:  135.383,158.9445,131.1635,box 3,4
4.57:  135.383,158.9445,131.1635,box 3,4
4.57:  135.383,158.9445,131.1635,box 3,4
4.57:  135.383,158.9445,131.1635,box 3,4
4.58:  135.383,158.9445,131.1635,box 3,4
4.58:  135.383,158.9445,131.1635,box 3,4
4.58:  135.383,158.9445,131.1635,box 3,4
4.59:  135.383,158.9445,131.1635,box 3,4
4.59:  135.383,158.9445,131.1635,box 3,4
4.59:  135.383,158.9445,131.1635,box 3,4
4.6:  135.383,158.9445,131.1635,box 3,4
4.6:  135.383,158.9445,131.1635,box 3,4
4.6:  135.383,158.9445,131.1635,box 3,4
4.6:  135.383,158.9445,131.1635,box 3,4
4.61:  135.383,158.9445,131.1635,box 3,4
4.61:  135.383,158.9445,131.1635,box 3,4
4.61:  135.383,158.9445,131.1635,box 3,4
4.61:  135.383,158.9445,131.1635,box 3,4
4.62:  135.383,158.9445,131.1635,box 3,4
4.62:  135.383,158.9445,131.1635,box 3,4
4.62:  135.383,158.9445,131.1635,box 3,4
4.62:  135.383,158.9445,131.1635,box 3,4
4.63:  135.383,158.9445,131.1635,box 3,4
4.63:  135.383,158.9445,131.1635,box 3,4
4.63:  135.383,158.9445,131.1635,box 3,4
4.63:  135.383,158.9445,131.1635,box 3,4
4.64:  135.383,158.9445,131.1635,box 3,4
4.64:  135.383,158.9445,131.1635,box 3,4
4.64:  135.383,158.9445,131.1635,box 3,4
4.64:  135.383,158.9445,131.1635,box 3,4
4.65:  135.383,158.9445,131.1635,box 3,4
4.65:  135.383,158.9445,131.1635,box 3,4
4.65:  135.383,158.9445,131.1635,box 3,4
4.65:  135.383,158.9445,131.1635,box 3,4
4.66:  135.383,158.9445,131.1635,box 3,4
4.66:  135.383,158.9445,131.1635,box 3,4
4.66:  135.383,158.9445,131.1635,box 3,4
4.66:  135.383,158.9445,131.1635,box 3,4
4.66:  135.383,158.9445,131.1635,box 3,4
4.67:  135.383,158.9445,131.1635,box 3,4
4.67:  135.383,158.9445,131.1635,box 3,4
4.67:  135.383,158.9445,131.1635,box 3,4
4.68:  135.383,158.9445,131.1635,box 3,4
4.68:  135.383,158.9445,131.1635,box 3,4
4.68:  135.383,158.9445,131.1635,box 3,4
4.68:  135.383,158.9445,131.1635,box 3,4
4.69:  135.383,158.9445,131.1635,box 3,4
4.69:  135.383,158.9445,131.1635,box 3,4
4.69:  135.383,158.9445,131.1635,box 3,4
4.7:  135.383,158.9445,131.1635,box 3,4
4.7:  135.383,158.9445,131.1635,box 3,4
4.7:  135.383,158.9445,131.1635,box 3,4
4.7:  135.383,158.9445,131.1635,box 3,4
4.71:  135.383,158.9445,131.1635,box 3,4
4.71:  135.383,158.9445,131.1635,box 3,4
4.71:  135.383,158.9445,131.1635,box 3,4
4.72:  135.383,158.9445,131.1635,box 3,4
4.72:  135.383,158.9445,131.1635,box 3,4
4.72:  135.383,158.9445,131.1635,box 3,4
4.73:  135.383,158.9445,131.1635,box 3,4
4.73:  135.383,158.9445,131.1635,box 3,4
4.73:  135.383,158.9445,131.1635,box 3,4
4.73:  135.383,158.9445,131.1635,box 3,4
4.74:  135.383,158.9445,131.1635,box 3,4
4.74:  135.383,158.9445,131.1635,box 3,4
4.74:  135.383,158.9445,131.1635,box 3,4
4.74:  135.383,158.9445,131.1635,box 3,4
4.75:  135.383,158.9445,131.1635,box 3,4
4.75:  135.383,158.9445,131.1635,box 3,4
4.75:  135.383,158.9445,131.1635,box 3,4
4.75:  135.383,158.9445,131.1635,box 3,4
4.75:  135.383,158.9445,131.1635,box 3,4
4.76:  135.383,158.9445,131.1635,box 3,4
4.76:  135.383,158.9445,131.1635,box 3,4
4.76:  135.383,158.9445,131.1635,box 3,4
4.76:  135.383,158.9445,131.1635,box 3,4
4.77:  135.383,158.9445,131.1635,box 3,4
4.77:  135.383,158.9445,131.1635,box 3,4
4.77:  135.383,158.9445,131.1635,box 3,4
4.77:  135.383,158.9445,131.1635,box 3,4
4.78:  135.383,158.9445,131.1635,box 3,4
4.78:  135.383,158.9445,131.1635,box 3,4
4.78:  135.383,158.9445,131.1635,box 3,4
4.79:  135.383,158.9445,131.1635,box 3,4
4.79:  135.383,158.9445,131.1635,box 3,4
4.79:  135.383,158.9445,131.1635,box 3,4
4.8:  135.383,158.9445,131.1635,box 3,4
4.8:  135.383,158.9445,131.1635,box 3,4
4.8:  135.383,158.9445,131.1635,box 3,4
4.8:  135.383,158.9445,131.1635,box 3,4
4.81:  135.383,158.9445,131.1635,box 3,4
4.81:  135.383,158.9445,131.1635,box 3,4
4.81:  135.383,158.9445,131.1635,box 3,4
4.82:  135.383,158.9445,131.1635,box 3,4
4.82:  135.383,158.9445,131.1635,box 3,4
4.82:  135.383,158.9445,131.1635,box 3,4
4.82:  135.383,158.9445,131.1635,box 3,4
4.83:  135.383,158.9445,131.1635,box 3,4
4.83:  135.383,158.9445,131.1635,box 3,4
4.83:  135.383,158.9445,131.1635,box 3,4
4.83:  135.383,158.9445,131.1635,box 3,4
4.84:  135.383,158.9445,131.1635,box 3,4
4.84:  135.383,158.9445,131.1635,box 3,4
4.84:  135.383,158.9445,131.1635,box 3,4
4.84:  135.383,158.9445,131.1635,box 3,4
4.85:  135.383,158.9445,131.1635,box 3,4
4.85:  135.383,158.9445,131.1635,box 3,4
4.85:  135.383,158.9445,131.1635,box 3,4
4.85:  135.383,158.9445,131.1635,box 3,4
4.86:  135.383,158.9445,131.1635,box 3,4
4.86:  135.383,158.9445,131.1635,box 3,4
4.86:  135.383,158.9445,131.1635,box 3,4
4.87:  135.383,158.9445,131.1635,box 3,4
4.87:  135.383,158.9445,131.1635,box 3,4
4.87:  135.383,158.9445,131.1635,box 3,4
4.87:  135.383,158.9445,131.1635,box 3,4
4.87:  135.383,158.9445,131.1635,box 3,4
4.88:  135.383,158.9445,131.1635,box 3,4
4.88:  135.383,158.9445,131.1635,box 3,4
4.88:  135.383,158.9445,131.1635,box 3,4
4.89:  135.383,158.9445,131.1635,box 3,4
4.89:  135.383,158.9445,131.1635,box 3,4
4.89:  135.383,158.9445,131.1635,box 3,4
4.89:  135.383,158.9445,131.1635,box 3,4
4.9:  135.383,158.9445,131.1635,box 3,4
4.9:  135.383,158.9445,131.1635,box 3,4
4.9:  135.383,158.9445,131.1635,box 3,4
4.91:  135.383,158.9445,131.1635,box 3,4
4.91:  135.383,158.9445,131.1635,box 3,4
4.91:  135.383,158.9445,131.1635,box 3,4
4.92:  135.383,158.9445,131.1635,box 3,4
4.92:  135.383,158.9445,131.1635,box 3,4
4.92:  135.383,158.9445,131.1635,box 3,4
4.93:  135.383,158.9445,131.1635,box 3,4
4.93:  135.383,158.9445,131.1635,box 3,4
4.93:  135.383,158.9445,131.1635,box 3,4
4.93:  135.383,158.9445,131.1635,box 3,4
4.94:  135.383,158.9445,131.1635,box 3,4
4.94:  135.383,158.9445,131.1635,box 3,4
4.94:  135.383,158.9445,131.1635,box 3,4
4.94:  135.383,158.9445,131.1635,box 3,4
4.95:  135.383,158.9445,131.1635,box 3,4
4.95:  135.383,158.9445,131.1635,box 3,4
4.95:  135.383,158.9445,131.1635,box 3,4
4.95:  135.383,158.9445,131.1635,box 3,4
4.96:  135.383,158.9445,131.1635,box 3,4
4.96:  135.383,158.9445,131.1635,box 3,4
4.96:  135.383,158.9445,131.1635,box 3,4
4.96:  135.383,158.9445,131.1635,box 3,4
4.97:  135.383,158.9445,131.1635,box 3,4
4.97:  135.383,158.9445,131.1635,box 3,4
4.97:  135.383,158.9445,131.1635,box 3,4
4.97:  135.383,158.9445,131.1635,box 3,4
4.98:  135.383,158.9445,131.1635,box 3,4
4.98:  135.383,158.9445,131.1635,box 3,4
4.98:  135.383,158.9445,131.1635,box 3,4
4.98:  135.383,158.9445,131.1635,box 3,4
4.99:  135.383,158.9445,131.1635,box 3,4
4.99:  135.383,158.9445,131.1635,box 3,4
4.99:  135.383,158.9445,131.1635,box 3,4
4.99:  135.383,158.9445,131.1635,box 3,4
5:  135.383,158.9445,131.1635,box 3,4
5:  135.383,158.9445,131.1635,box 3,4
5:  135.383,158.9445,131.1635,box 3,4
5.01:  135.383,158.9445,131.1635,box 3,4
5.01:  135.383,158.9445,131.1635,box 3,4
5.01:  135.383,158.9445,131.1635,box 3,4
5.01:  135.383,158.9445,131.1635,box 3,4
5.02:  135.383,158.9445,131.1635,box 3,4
5.02:  135.383,158.9445,131.1635,box 3,4
5.02:  135.383,158.9445,131.1635,box 3,4
5.03:  135.383,158.9445,131.1635,box 3,4
5.03:  135.383,158.9445,131.1635,box 3,4
5.03:  135.383,158.9445,131.1635,box 3,4
5.04:  135.383,158.9445,131.1635,box 3,4
5.04:  135.383,158.9445,131.1635,box 3,4
5.04:  135.383,158.9445,131.1635,box 3,4
5.04:  135.383,158.9445,131.1635,box 3,4
5.05:  135.383,158.9445,131.1635,box 3,4
5.05:  135.383,158.9445,131.1635,box 3,4
5.05:  135.383,158.9445,131.1635,box 3,4
5.05:  135.383,158.9445,131.1635,box 3,4
5.06:  135.383,158.9445,131.1635,box 3,4
5.06:  135.383,158.9445,131.1635,box 3,4
5.06:  135.383,158.9445,131.1635,box 3,4
5.07:  135.383,158.9445,131.1635,box 3,4
5.07:  135.383,158.9445,131.1635,box 3,4
5.07:  135.383,158.9445,131.1635,box 3,4
5.07:  135.383,158.9445,131.1635,box 3,4
5.08:  135.383,158.9445,131.1635,box 3,4
5.08:  135.383,158.9445,131.1635,box 3,4
5.08:  135.383,158.9445,131.1635,box 3,4
5.08:  135.383,158.9445,131.1635,box 3,4
5.09:  135.383,158.9445,131.1635,box 3,4
5.09:  135.383,158.9445,131.1635,box 3,4
5.09:  135.383,158.9445,131.1635,box 3,4
5.09:  135.383,158.9445,131.1635,box 3,4
5.1:  135.383,158.9445,131.1635,box 3,4
5.1:  135.383,158.9445,131.1635,box 3,4
5.1:  135.383,158.9445,131.1635,box 3,4
5.1:  135.383,158.9445,131.1635,box 3,4
5.11:  135.383,158.9445,131.1635,box 3,4
5.11:  135.383,158.9445,131.1635,box 3,4
5.11:  135.383,158.9445,131.1635,box 3,4
5.12:  135.383,158.9445,131.1635,box 3,4
5.12:  135.383,158.9445,131.1635,box 3,4
5.12:  135.383,158.9445,131.1635,box 3,4
5.13:  135.383,158.9445,131.1635,box 3,4
5.13:  135.383,158.9445,131.1635,box 3,4
5.13:  135.383,158.9445,131.1635,box 3,4
5.13:  135.383,158.9445,131.1635,box 3,4
5.14:  135.383,158.9445,131.1635,box 3,4
5.14:  135.383,158.9445,131.1635,box 3,4
5.14:  135.383,158.9445,131.1635,box 3,4
5.15:  135.383,158.9445,131.1635,box 3,4
5.15:  135.383,158.9445,131.1635,box 3,4
5.15:  135.383,158.9445,131.1635,box 3,4
5.15:  135.383,158.9445,131.1635,box 3,4
5.16:  135.383,158.9445,131.1635,box 3,4
5.16:  135.383,158.9445,131.1635,box 3,4
5.16:  135.383,158.9445,131.1635,box 3,4
5.16:  135.383,158.9445,131.1635,box 3,4
5.17:  135.383,158.9445,131.1635,box 3,4
5.17:  135.383,158.9445,131.1635,box 3,4
5.17:  135.383,158.9445,131.1635,box 3,4
5.18:  135.383,158.9445,131.1635,box 3,4
5.18:  135.383,158.9445,131.1635,box 3,4
5.18:  135.383,158.9445,131.1635,box 3,4
5.19:  135.383,158.9445,131.1635,box 3,4
5.19:  135.383,158.9445,131.1635,box 3,4
5.19:  135.383,158.9445,131.1635,box 3,4
5.19:  135.383,158.9445,131.1635,box 3,4
5.2:  135.383,158.9445,131.1635,box 3,4
5.2:  135.383,158.9445,131.1635,box 3,4
5.2:  135.383,158.9445,131.1635,box 3,4
5.2:  135.383,158.9445,131.1635,box 3,4
5.21:  135.383,158.9445,131.1635,box 3,4
5.21:  135.383,158.9445,131.1635,box 3,4
5.21:  135.383,158.9445,131.1635,box 3,4
5.21:  135.383,158.9445,131.1635,box 3,4
5.22:  135.383,158.9445,131.1635,box 3,4
5.22:  135.383,158.9445,131.1635,box 3,4
5.22:  135.383,158.9445,131.1635,box 3,4
5.23:  135.383,158.9445,131.1635,box 3,4
5.23:  135.383,158.9445,131.1635,box 3,4
5.23:  135.383,158.9445,131.1635,box 3,4
5.23:  135.383,158.9445,131.1635,box 3,4
5.24:  135.383,158.9445,131.1635,box 3,4
5.24:  135.383,158.9445,131.1635,box 3,4
5.24:  135.383,158.9445,131.1635,box 3,4
5.24:  135.383,158.9445,131.1635,box 3,4
5.25:  135.383,158.9445,131.1635,box 3,4
5.25:  135.383,158.9445,131.1635,box 3,4
5.25:  135.383,158.9445,131.1635,box 3,4
5.25:  135.383,158.9445,131.1635,box 3,4
5.26:  135.383,158.9445,131.1635,box 3,4
5.26:  135.383,158.9445,131.1635,box 3,4
5.26:  135.383,158.9445,131.1635,box 3,4
5.26:  135.383,158.9445,131.1635,box 3,4
5.27:  135.383,158.9445,131.1635,box 3,4
5.27:  135.383,158.9445,131.1635,box 3,4
5.27:  135.383,158.9445,131.1635,box 3,4
5.27:  135.383,158.9445,131.1635,box 3,4
5.28:  135.383,158.9445,131.1635,box 3,4
5.28:  135.383,158.9445,131.1635,box 3,4
5.28:  135.383,158.9445,131.1635,box 3,4
5.28:  135.383,158.9445,131.1635,box 3,4
5.29:  135.383,158.9445,131.1635,box 3,4
5.29:  135.383,158.9445,131.1635,box 3,4
5.29:  135.383,158.9445,131.1635,box 3,4
5.29:  135.383,158.9445,131.1635,box 3,4
5.3:  135.383,158.9445,131.1635,box 3,4
5.3:  135.383,158.9445,131.1635,box 3,4
5.3:  135.383,158.9445,131.1635,box 3,4
5.31:  135.383,158.9445,131.1635,box 3,4
5.31:  135.383,158.9445,131.1635,box 3,4
5.31:  135.383,158.9445,131.1635,box 3,4
5.31:  135.383,158.9445,131.1635,box 3,4
5.32:  135.383,158.9445,131.1635,box 3,4
5.32:  135.383,158.9445,131.1635,box 3,4
5.32:  135.383,158.9445,131.1635,box 3,4
5.32:  135.383,158.9445,131.1635,box 3,4
5.33:  135.383,158.9445,131.1635,box 3,4
5.33:  135.383,158.9445,131.1635,box 3,4
5.33:  135.383,158.9445,131.1635,box 3,4
5.34:  135.383,158.9445,131.1635,box 3,4
5.34:  135.383,158.9445,131.1635,box 3,4
5.34:  135.383,158.9445,131.1635,box 3,4
5.35:  135.383,158.9445,131.1635,box 3,4
5.35:  135.383,158.9445,131.1635,box 3,4
5.35:  135.383,158.9445,131.1635,box 3,4
5.35:  135.383,158.9445,131.1635,box 3,4
5.36:  135.383,158.9445,131.1635,box 3,4
5.36:  135.383,158.9445,131.1635,box 3,4
5.36:  135.383,158.9445,131.1635,box 3,4
5.37:  135.383,158.9445,131.1635,box 3,4
5.37:  135.383,158.9445,131.1635,box 3,4
5.37:  135.383,158.9445,131.1635,box 3,4
5.37:  135.383,158.9445,131.1635,box 3,4
5.37:  135.383,158.9445,131.1635,box 3,4
5.38:  135.383,158.9445,131.1635,box 3,4
5.38:  135.383,158.9445,131.1635,box 3,4
5.38:  135.383,158.9445,131.1635,box 3,4
5.38:  135.383,158.9445,131.1635,box 3,4
5.39:  135.383,158.9445,131.1635,box 3,4
5.39:  135.383,158.9445,131.1635,box 3,4
5.39:  135.383,158.9445,131.1635,box 3,4
5.39:  135.383,158.9445,131.1635,box 3,4
5.4:  135.383,158.9445,131.1635,box 3,4
5.4:  135.383,158.9445,131.1635,box 3,4
5.4:  135.383,158.9445,131.1635,box 3,4
5.4:  135.383,158.9445,131.1635,box 3,4
5.41:  135.383,158.9445,131.1635,box 3,4
5.41:  135.383,158.9445,131.1635,box 3,4
5.41:  135.383,158.9445,131.1635,box 3,4
5.41:  135.383,158.9445,131.1635,box 3,4
5.42:  135.383,158.9445,131.1635,box 3,4
5.42:  135.383,158.9445,131.1635,box 3,4
5.42:  135.383,158.9445,131.1635,box 3,4
5.42:  135.383,158.9445,131.1635,box 3,4
5.43:  135.383,158.9445,131.1635,box 3,4
5.43:  135.383,158.9445,131.1635,box 3,4
5.43:  135.383,158.9445,131.1635,box 3,4
5.43:  135.383,158.9445,131.1635,box 3,4
5.44:  135.383,158.9445,131.1635,box 3,4
5.44:  135.383,158.9445,131.1635,box 3,4
5.44:  135.383,158.9445,131.1635,box 3,4
5.45:  135.383,158.9445,131.1635,box 3,4
5.45:  135.383,158.9445,131.1635,box 3,4
5.45:  135.383,158.9445,131.1635,box 3,4
5.45:  135.383,158.9445,131.1635,box 3,4
5.46:  135.383,158.9445,131.1635,box 3,4
5.46:  135.383,158.9445,131.1635,box 3,4
5.46:  135.383,158.9445,131.1635,box 3,4
5.46:  135.383,158.9445,131.1635,box 3,4
5.47:  135.383,158.9445,131.1635,box 3,4
5.47:  135.383,158.9445,131.1635,box 3,4
5.47:  135.383,158.9445,131.1635,box 3,4
5.47:  135.383,158.9445,131.1635,box 3,4
5.48:  135.383,158.9445,131.1635,box 3,4
5.48:  135.383,158.9445,131.1635,box 3,4
5.48:  135.383,158.9445,131.1635,box 3,4
5.48:  135.383,158.9445,131.1635,box 3,4
5.49:  135.383,158.9445,131.1635,box 3,4
5.49:  135.383,158.9445,131.1635,box 3,4
5.49:  135.383,158.9445,131.1635,box 3,4
5.49:  135.383,158.9445,131.1635,box 3,4
5.5:  135.383,158.9445,131.1635,box 3,4
5.5:  135.383,158.9445,131.1635,box 3,4
5.5:  135.383,158.9445,131.1635,box 3,4
5.5:  135.383,158.9445,131.1635,box 3,4
5.51:  135.383,158.9445,131.1635,box 3,4
5.51:  135.383,158.9445,131.1635,box 3,4
5.51:  135.383,158.9445,131.1635,box 3,4
5.51:  135.383,158.9445,131.1635,box 3,4
5.52:  135.383,158.9445,131.1635,box 3,4
5.52:  135.383,158.9445,131.1635,box 3,4
5.52:  135.383,158.9445,131.1635,box 3,4
5.52:  135.383,158.9445,131.1635,box 3,4
5.53:  135.383,158.9445,131.1635,box 3,4
5.53:  135.383,158.9445,131.1635,box 3,4
5.53:  135.383,158.9445,131.1635,box 3,4
5.53:  135.383,158.9445,131.1635,box 3,4
5.54:  135.383,158.9445,131.1635,box 3,4
5.54:  135.383,158.9445,131.1635,box 3,4
5.54:  135.383,158.9445,131.1635,box 3,4
5.55:  135.383,158.9445,131.1635,box 3,4
5.55:  135.383,158.9445,131.1635,box 3,4
5.55:  135.383,158.9445,131.1635,box 3,4
5.55:  135.383,158.9445,131.1635,box 3,4
5.56:  135.383,158.9445,131.1635,box 3,4
5.56:  135.383,158.9445,131.1635,box 3,4
5.56:  135.383,158.9445,131.1635,box 3,4
5.56:  135.383,158.9445,131.1635,box 3,4
5.57:  135.383,158.9445,131.1635,box 3,4
5.57:  135.383,158.9445,131.1635,box 3,4
5.57:  135.383,158.9445,131.1635,box 3,4
5.58:  135.383,158.9445,131.1635,box 3,4
5.58:  135.383,158.9445,131.1635,box 3,4
5.58:  135.383,158.9445,131.1635,box 3,4
5.59:  135.383,158.9445,131.1635,box 3,4
5.59:  135.383,158.9445,131.1635,box 3,4
5.59:  135.383,158.9445,131.1635,box 3,4
5.59:  135.383,158.9445,131.1635,box 3,4
5.6:  135.383,158.9445,131.1635,box 3,4
5.6:  135.383,158.9445,131.1635,box 3,4
5.6:  135.383,158.9445,131.1635,box 3,4
5.6:  135.383,158.9445,131.1635,box 3,4
5.61:  135.383,158.9445,131.1635,box 3,4
5.61:  135.383,158.9445,131.1635,box 3,4
5.61:  135.383,158.9445,131.1635,box 3,4
5.61:  135.383,158.9445,131.1635,box 3,4
5.62:  135.383,158.9445,131.1635,box 3,4
5.62:  135.383,158.9445,131.1635,box 3,4
5.62:  135.383,158.9445,131.1635,box 3,4
5.62:  135.383,158.9445,131.1635,box 3,4
5.62:  135.383,158.9445,131.1635,box 3,4
5.63:  135.383,158.9445,131.1635,box 3,4
5.63:  135.383,158.9445,131.1635,box 3,4
5.63:  135.383,158.9445,131.1635,box 3,4
5.63:  135.383,158.9445,131.1635,box 3,4
5.64:  135.383,158.9445,131.1635,box 3,4
5.64:  135.383,158.9445,131.1635,box 3,4
5.64:  135.383,158.9445,131.1635,box 3,4
5.64:  135.383,158.9445,131.1635,box 3,4
5.65:  135.383,158.9445,131.1635,box 3,4
5.65:  135.383,158.9445,131.1635,box 3,4
5.65:  135.383,158.9445,131.1635,box 3,4
5.65:  135.383,158.9445,131.1635,box 3,4
5.66:  135.383,158.9445,131.1635,box 3,4
5.66:  135.383,158.9445,131.1635,box 3,4
5.66:  135.383,158.9445,131.1635,box 3,4
5.67:  135.383,158.9445,131.1635,box 3,4
5.67:  135.383,158.9445,131.1635,box 3,4
5.67:  135.383,158.9445,131.1635,box 3,4
5.67:  135.383,158.9445,131.1635,box 3,4
5.68:  135.383,158.9445,131.1635,box 3,4
5.68:  135.383,158.9445,131.1635,box 3,4
5.69:  135.383,158.9445,131.1635,box 3,4
